0.	0.5
6.199243692269544e-6	0.49937412104371637
0.000012398487384539088	0.49749806369004096
0.000018597731076808634	0.49437656038513017
0.000024796974769078176	0.49001748339790635
0.00003099621846134772	0.48443182264386814
0.00003719546215361727	0.4776336608011661
0.00004339470584588681	0.46964013129584725
0.00004959394953815635	0.4604713795967192
0.000055793193230425895	0.4501505110780685
0.00006199243692269544	0.43870352491827397
0.00006819168061496498	0.42615926282425104
0.00007439092430723454	0.41254932117103377
0.00008059016799950408	0.3979063935948432
0.00008678941169177362	0.3822721040272863
0.00009298865538404316	0.3656810701857545
0.0000991878990763127	0.3481766468148101
0.00010538714276858225	0.3298028982446927
0.00011158638646085179	0.310606070954108
0.00011778563015312133	0.29063447660424535
0.00012398487384539087	0.26993836959957057
0.00013018411753766042	0.2485698196313203
0.00013638336122992996	0.2265825802941701
0.0001425826049221995	0.20403195287299195
0.00014878184861446907	0.18097464620848222
0.0001549810923067386	0.1574686336456926
0.00016118033599900816	0.13357300622507032
0.0001673795796912777	0.10934782331124673
0.00017357882338354724	0.08485396077141139
0.00017977806707581678	0.06015295728639581
0.00018597731076808633	0.035306858499694456
0.00019217655446035587	0.010378060972848574
0.0001983757981526254	-0.01457084602624537
0.00020457504184489495	-0.03947723819129604
0.0002107742855371645	-0.06427861427148729
0.00021697352922943404	-0.0889127537899916
0.00022317277292170358	-0.11331787394792592
0.00022937201661397312	-0.13743278541848697
0.00023557126030624266	-0.16119704657286082
0.0002417705039985122	-0.1845511156823235
0.00024796974769078175	-0.20743650109922482
0.0002541689913830513	-0.22979590832182217
0.00026036823507532083	-0.2515733842830336
0.0002665674787675904	-0.2727144578907727
0.0002727667224598599	-0.2931662772130264
0.0002789659661521295	-0.31287774215828484
0.000285165209844399	-0.3317996330592994
0.00029136445353666857	-0.34988473401703896
0.00029756369722893814	-0.3670879510480548
0.00030376294092120766	-0.3833664249342568
0.0003099621846134772	-0.398679639227612
0.00031616142830574674	-0.4129895214281947
0.0003223606719980163	-0.4262605381243281
0.0003285599156902858	-0.43845978359985194
0.0003347591593825554	-0.4495570607128329
0.0003409584030748249	-0.459524956711114
0.0003471576467670945	-0.4683389122164682
0.000353356890459364	-0.47597728314904925
0.00035955613415163357	-0.48242138623216674
0.0003657553778439031	-0.487655559052538
0.00037195462153617265	-0.4916671841142968
0.00037815386522844217	-0.49444672668593764
0.00038435310892071174	-0.49598775571178266
0.00039055235261298125	-0.49628695966202935
0.0003967515963052508	-0.49534415271487603
0.0004029508399975204	-0.4931622815782025
0.0004091500836897899	-0.4897473776301811
0.0004153493273820595	-0.485108617248213
0.000421548571074329	-0.47925822015084346
0.00042774781476659856	-0.47221145621231514
0.0004339470584588681	-0.4639865977409553
0.00044014630215113764	-0.4546048717026326
0.00044634554584340716	-0.4440904041221203
0.00045254478953567673	-0.43247015212331624
0.00045874403322794624	-0.419773864540188
0.0004649432769202158	-0.40603394415095967
0.00047114252061248533	-0.3912854265395252
0.0004773417643047549	-0.3755658594384918
0.0004835410079970244	-0.3589152128307172
0.000489740251689294	-0.34137577649648265
0.0004959394953815635	-0.32299205211220133
0.0005021387390738331	-0.3038106449476015
0.0005083379827661026	-0.2838801183129032
0.0005145372264583722	-0.26325092373881215
0.0005207364701506417	-0.24197521936497926
0.0005269357138429113	-0.22010676380310507
0.0005331349575351808	-0.1977007745271183
0.0005393342012274503	-0.17481378737624462
0.0005455334449197198	-0.15150351147630725
0.0005517326886119895	-0.12782869151319678
0.000557931932304259	-0.10384894330691619
0.0005641311759965285	-0.0796246147392529
0.000570330419688798	-0.055216634070158636
0.0005765296633810676	-0.03068634864656683
0.0005827289070733371	-0.006095374272093133
0.0005889281507656067	0.01849456126624553
0.0005951273944578763	0.04302177393313081
0.0006013266381501458	0.06742477860685787
0.0006075258818424153	0.09164244424444898
0.0006137251255346848	0.11561414844773932
0.0006199243692269545	0.13927992899267302
0.000626123612919224	0.16258063479379659
0.0006323228566114935	0.18545807671231498
0.000638522100303763	0.20785516470616683
0.0006447213439960326	0.22971606483761517
0.0006509205876883021	0.2509863287349362
0.0006571198313805717	0.2716130324669806
0.0006633190750728412	0.2915449174733348
0.0006695183187651108	0.31073249689785376
0.0006757175624573803	0.3291282003367239
0.0006819168061496498	0.34668647455878504
0.0006881160498419193	0.3633639359496475
0.000694315293534189	0.37911942128048254
0.0007005145372264585	0.39391412366476863
0.000706713780918728	0.4077116915342201
0.0007129130246109976	0.42047828648754676
0.0007191122683032671	0.43218272924607704
0.0007253115119955366	0.44279651738292697
0.0007315107556878062	0.45229388104931517
0.0007377099993800758	0.46065192227721274
0.0007439092430723453	0.46785061513487525
0.0007501084867646148	0.47387285449603106
0.0007563077304568843	0.4787045361929005
0.000762506974149154	0.4823345149035763
0.0007687062178414235	0.48475471153493394
0.000774905461533693	0.4859600764754148
0.0007811047052259625	0.48594865501320955
0.0007873039489182321	0.4847215165905899
0.0007935031926105016	0.4822828027148462
0.0007997024363027712	0.47863966810598524
0.0008059016799950408	0.4738023503307438
0.0008121009236873103	0.4677840330036314
0.0008183001673795798	0.46060002369251407
0.0008244994110718493	0.45227192585143183
0.000830698654764119	0.4428191334604051
0.0008368978984563885	0.43226722319056976
0.000843097142148658	0.4206436709617678
0.0008492963858409275	0.4079786413575651
0.0008554956295331971	0.39430486381933555
0.0008616948732254666	0.37965758762684493
0.0008678941169177361	0.36407444866212185
0.0008740933606100057	0.3475954355007378
0.0008802926043022753	0.3302627382989589
0.0008864918479945448	0.3121206489744654
0.0008926910916868143	0.29321545394919857
0.0008988903353790839	0.2735953131740648
0.0009050895790713535	0.2533101364423768
0.000911288822763623	0.2324114558689644
0.0009174880664558925	0.21095229530303117
0.0009236873101481621	0.1889870347621491
0.0009298865538404316	0.16657127196997368
0.0009360857975327011	0.14376168075529094
0.0009422850412249707	0.12061586682352807
0.0009484842849172403	0.09719222156541607
0.0009546835286095098	0.07354977457022517
0.0009608827723017793	0.04974804452105162
0.0009670820159940488	0.025846888613103466
0.0009732812596863185	0.001906348279338817
0.000979480503378588	-0.022013487529730612
0.0009856797470708576	-0.045852664087949455
0.000991878990763127	-0.06955148160965856
0.0009980782344553966	-0.09305066046593935
0.0010042774781476662	-0.1162914872229232
0.0010104767218399357	-0.13921596195444735
0.0010166759655322053	-0.16176694363208047
0.0010228752092244747	-0.18388829326991304
0.0010290744529167443	-0.20552501396371142
0.001035273696609014	-0.22662338820534841
0.0010414729403012833	-0.24713111257249123
0.001047672183993553	-0.2669974244087368
0.0010538714276858226	-0.2861732349103694
0.001060070671378092	-0.30461124428391756
0.0010662699150703616	-0.3222660621758034
0.001072469158762631	-0.339094319204881
0.0010786684024549006	-0.35505477367910665
0.0010848676461471703	-0.37010841401080596
0.0010910668898394397	-0.3842185538657532
0.0010972661335317093	-0.39735092231347197
0.001103465377223979	-0.4094737470145728
0.0011096646209162483	-0.4205578307297542
0.001115863864608518	-0.43057662240183836
0.0011220631083007876	-0.4395062808169234
0.001128262351993057	-0.447325731729862
0.0011344615956853266	-0.4540167143736963
0.001140660839377596	-0.45956382894967707
0.0011468600830698656	-0.46395456844412797
0.0011530593267621353	-0.467179348899922
0.0011592585704544047	-0.46923152850132394
0.0011654578141466743	-0.4701074208836618
0.001171657057838944	-0.4698063003809653
0.0011778563015312133	-0.468330400724455
0.001184055545223483	-0.46568490643834787
0.0011902547889157526	-0.46187793662800175
0.001196454032608022	-0.4569205210867528
0.0012026532763002916	-0.4508257550793124
0.001208852519992561	-0.44361282287456233
0.0012150517636848306	-0.43529882370999445
0.0012212510073771003	-0.4259068511966621
0.0012274502510693697	-0.41546186238570887
0.0012336494947616393	-0.40399142421882134
0.001239848738453909	-0.39152565001244216
0.0012460479821461783	-0.3780971136772536
0.001252247225838448	-0.36374076632278174
0.0012584464695307173	-0.3484938449666291
0.001264645713222987	-0.33239591108519934
0.0012708449569152566	-0.3154880704162606
0.001277044200607526	-0.29781422214102693
0.0012832434442997956	-0.2794195887850866
0.0012894426879920652	-0.2603512780422387
0.0012956419316843347	-0.24065802592384203
0.0013018411753766043	-0.22039007186801007
0.001308040419068874	-0.1995990302215376
0.0013142396627611433	-0.17833775860947795
0.001320438906453413	-0.1566602213706027
0.0013266381501456823	-0.13462135541240072
0.001332837393837952	-0.11227692746677204
0.0013390366375302216	-0.08968339409542504
0.001345235881222491	-0.06689775772873621
0.0013514351249147606	-0.043977422340947384
0.0013576343686070302	-0.020980074225739016
0.0013638336122992996	0.002036593133545567
0.0013700328559915693	0.02501476556776686
0.0013762320996838387	0.04789691299789762
0.0013824313433761083	0.0706258046467152
0.001388630587068378	0.09314467858922752
0.0013948298307606473	0.11539738393627655
0.001401029074452917	0.13732852134803386
0.0014072283181451866	0.15888361512434013
0.001413427561837456	0.1800091735088096
0.0014196268055297256	0.20065269459157462
0.0014258260492219952	0.22076338992848057
0.0014320252929142646	0.24029154836686079
0.0014382245366065343	0.2591890906567201
0.0014444237802988037	0.2774095969480067
0.0014506230239910733	0.2949084152390296
0.001456822267683343	0.3116427769636566
0.0014630215113756123	0.32757190025256494
0.001469220755067882	0.34265737052980644
0.0014754199987601516	0.3568618242450837
0.001481619242452421	0.3701518744913144
0.0014878184861446906	0.3824953406361314
0.0014940177298369602	0.39386241881881956
0.0015002169735292296	0.4042271342332589
0.0015064162172214993	0.4135641426811729
0.0015126154609137687	0.42185193496310225
0.0015188147046060383	0.4290714361209844
0.001525013948298308	0.4352371610170797
0.0015312131919905773	0.4402426551345337
0.001537412435682847	0.4441698849539042
0.0015436116793751166	0.4469788335285362
0.001549810923067386	0.4486673223957041
0.0015560101667596556	0.44922988990031676
0.001562209410451925	0.4486679804276277
0.0015684086541441946	0.44698484397047217
0.0015746078978364642	0.44418654195085433
0.0015808071415287337	0.4402819276354653
0.0015870063852210033	0.43528261965059045
0.001593205628913273	0.4292029875167822
0.0015994048726055423	0.422060025331398
0.001605604116297812	0.4138734522447855
0.0016118033599900816	0.40466555046613895
0.001618002603682351	0.3944611177700013
0.0016242018473746206	0.38328780430323073
0.00163040109106689	0.37117411722425636
0.0016366003347591596	0.35815317246838235
0.0016427995784514292	0.3442587799461562
0.0016489988221436986	0.32952726928200415
0.0016551980658359683	0.3139970115258147
0.001661397309528238	0.297708318335013
0.0016675965532205073	0.28070410124705936
0.001673795796912777	0.26302594481238334
0.0016799950406050463	0.24472162783379167
0.001686194284297316	0.22583738493579844
0.0016923935279895856	0.2064215545065151
0.001698592771681855	0.18652375124047604
0.0017047920153741246	0.16619468289021266
0.0017109912590663942	0.1454861296206249
0.0017171905027586636	0.124450656015603
0.0017233897464509333	0.10314157829579737
0.0017295889901432029	0.08161294017546011
0.0017357882338354723	0.05991870013591294
0.001741987477527742	0.038113945944524795
0.0017481867212200113	0.016253404067392136
0.001754385964912281	-0.005608022928561364
0.0017605852086045506	-0.027415530093537296
0.00176678445229682	-0.04911454801049149
0.0017729836959890896	-0.07065087985441422
0.0017791829396813592	-0.09197083724400706
0.0017853821833736286	-0.11302135050069734
0.0017915814270658983	-0.1337501919832027
0.0017977806707581679	-0.15410600945135283
0.0018039799144504373	-0.17403840795834452
0.001810179158142707	-0.19349823961855692
0.0018163784018349763	-0.21243760699836733
0.001822577645527246	-0.23080926153123515
0.0018287768892195156	-0.24857046270123065
0.001834976132911785	-0.26567559925716105
0.0018411753766040546	-0.28208378441663845
0.0018473746202963242	-0.2977552123915289
0.0018535738639885936	-0.3126520042981636
0.0018597731076808633	-0.32673810790535474
0.0018659723513731327	-0.3399803450182226
0.0018721715950654023	-0.3523465705781734
0.001878370838757672	-0.36380766999725894
0.0018845700824499413	-0.3743367247180269
0.001890769326142211	-0.38390902032255536
0.0018969685698344806	-0.39250263998438284
0.00190316781352675	-0.40009754250205803
0.0019093670572190196	-0.40667707794446606
0.0019155663009112892	-0.4122265910802864
0.0019217655446035586	-0.4167342003665933
0.0019279647882958282	-0.42019066649151293
0.0019341640319880977	-0.4225894097904604
0.0019403632756803673	-0.4239265215819329
0.001946562519372637	-0.42420076851987215
0.0019527617630649063	-0.4234135904584859
0.001958961006757176	-0.42156909121500635
0.0019651602504494456	-0.4186740232539845
0.001971359494141715	-0.41473776501737797
0.0019775587378339844	-0.40977175407169547
0.001983757981526254	-0.40379215820616643
0.0019899572252185236	-0.39681440398394235
0.0019961564689107932	-0.3888584943293667
0.002002355712603063	-0.37994646990817144
0.0020085549562953325	-0.37010259329522815
0.0020147541999876017	-0.35935345729794504
0.0020209534436798713	-0.34772787437114916
0.002027152687372141	-0.3352567993669361
0.0020333519310644105	-0.321973247560125
0.00203955117475668	-0.3079122071159484
0.0020457504184489494	-0.29311054736498704
0.002051949662141219	-0.2776069214977601
0.0020581489058334886	-0.2614416649071424
0.0020643481495257582	-0.24465669012572064
0.002070547393218028	-0.2272953780017384
0.002076746636910297	-0.20940244467736022
0.0020829458806025667	-0.19102437807041772
0.0020891451242948363	-0.1722068460778996
0.002095344367987106	-0.15299936766276506
0.0021015436116793755	-0.13345047308969807
0.002107742855371645	-0.1136098450077917
0.0021139420990639144	-0.09352786832556191
0.002120141342756184	-0.07325535752300631
0.0021263405864484536	-0.05284366562171163
0.0021325398301407232	-0.03234412951590284
0.002138739073832993	-0.011808365235161222
0.002144938317525262	0.008712074583186728
0.0021511375612175317	0.029165787988448873
0.0021573368049098013	0.04950165300231046
0.002163536048602071	0.06966895588986129
0.0021697352922943405	0.08961751804745771
0.00217593453598661	0.10929783478145703
0.0021821337796788793	0.1286611494637864
0.002188333023371149	0.14765963975517815
0.0021945322670634186	0.1662467208062614
0.0022007315107556882	0.18437632676338048
0.002206930754447958	0.20200421033503693
0.002213129998140227	0.21908731165480003
0.0022193292418324967	0.2355840363258685
0.0022255284855247663	0.2514530766991466
0.002231727729217036	0.26665856197835286
0.0022379269729093055	0.2811635240508561
0.002244126216601575	0.2949315347344217
0.0022503254602938443	0.3079302684508007
0.002256524703986114	0.32012982774285187
0.0022627239476783836	0.33150085585227584
0.002268923191370653	0.3420160460236687
0.002275122435062923	0.35165206926175296
0.002281321678755192	0.36038644117215257
0.0022875209224474616	0.3681993523949331
0.0022937201661397313	0.3750733554015415
0.002299919409832001	0.3809934733221266
0.0023061186535242705	0.3859469340910702
0.00231231789721654	0.38992365456736927
0.0023185171409088093	0.39291595081824815
0.002324716384601079	0.3949186298595278
0.0023309156282933486	0.3959289973768818
0.002337114871985618	0.395946858585748
0.002343314115677888	0.3949745127484208
0.002349513359370157	0.39301680483893997
0.0023557126030624266	0.39008086279918247
0.0023619118467546963	0.38617641952185794
0.002368111090446966	0.3813155693514577
0.0023743103341392355	0.3755127625835224
0.002380509577831505	0.36878556371347154
0.0023867088215237743	0.3611508809680994
0.002392908065216044	0.3526321710870527
0.0023991073089083136	0.3432522127984864
0.002405306552600583	0.33303639561325
0.002411505796292853	0.3220125886639508
0.002417705039985122	0.31021088114353657
0.0024239042836773916	0.29766183987949635
0.0024301035273696613	0.2843991205242207
0.002436302771061931	0.2704576509163342
0.0024425020147542005	0.25587420223323193
0.0024487012584464697	0.24068673392945167
0.0024549005021387393	0.2249348579675706
0.002461099745831009	0.2086594473101714
0.0024672989895232786	0.19190258854034542
0.002473498233215548	0.17470747320096366
0.002479697476907818	0.15711828629761612
0.002485896720600087	0.13918010574335785
0.0024920959642923566	0.12093872227061235
0.0024982952079846263	0.10244065136547391
0.002504494451676896	0.08373288575952934
0.0025106936953691655	0.06486284028889706
0.0025168929390614347	0.0458782184117831
0.0025230921827537043	0.026826891208159752
0.002529291426445974	0.007756749056557136
0.0025354906701382436	-0.01128428130598618
0.002541689913830513	-0.030248632746561997
0.002547889157522783	-0.04908894379044757
0.002554088401215052	-0.0677583640486408
0.0025602876449073216	-0.08621044486758436
0.0025664868885995912	-0.10439946685352286
0.002572686132291861	-0.12228065362144704
0.0025788853759841305	-0.13980991987792457
0.0025850846196763997	-0.15694412998951146
0.0025912838633686693	-0.1736416907134258
0.002597483107060939	-0.18986156629510786
0.0026036823507532086	-0.20556442406869044
0.002609881594445478	-0.22071228427596037
0.002616080838137748	-0.23526862157743178
0.002622280081830017	-0.24919818986183384
0.0026284793255222866	-0.26246831065737625
0.0026346785692145562	-0.27504753951850097
0.002640877812906826	-0.28690546693531255
0.0026470770565990955	-0.29801461113872063
0.0026532763002913647	-0.308349107011082
0.0026594755439836343	-0.3178851038237196
0.002665674787675904	-0.32660082005612395
0.0026718740313681735	-0.3344777614916902
0.002678073275060443	-0.3414949188589153
0.002684272518752713	-0.34764026995659303
0.002690471762444982	-0.3529000750825659
0.0026966710061372516	-0.3572634035449873
0.0027028702498295212	-0.3607209246569409
0.002709069493521791	-0.36326799981361246
0.0027152687372140605	-0.36489930081223504
0.0027214679809063297	-0.36561368132875705
0.0027276672245985993	-0.36541183476543254
0.002733866468290869	-0.364296753718427
0.0027400657119831385	-0.3622737170246164
0.002746264955675408	-0.3593502696399098
0.0027524641993676774	-0.35553619717664336
0.002758663443059947	-0.3508435687642546
0.0027648626867522166	-0.34528637131266293
0.0027710619304444862	-0.33888102882357235
0.002777261174136756	-0.33164591024597523
0.0027834604178290255	-0.323601436967478
0.0027896596615212947	-0.31477003025007494
0.0027958589052135643	-0.30517597088304227
0.002802058148905834	-0.2948454272426726
0.0028082573925981035	-0.283806336432279
0.002814456636290373	-0.27208770849664937
0.0028206558799826423	-0.2597226924106727
0.002826855123674912	-0.24674220283167886
0.0028330543673671816	-0.23318112303227082
0.0028392536110594512	-0.21907522571741028
0.002845452854751721	-0.20446090064665198
0.0028516520984439905	-0.18937673903554475
0.0028578513421362597	-0.17386138670672216
0.0028640505858285293	-0.1579558231257252
0.002870249829520799	-0.1417001414462603
0.0028764490732130685	-0.12513636677525827
0.002882648316905338	-0.1083068785083005
0.0028888475605976073	-0.09125462794284428
0.002895046804289877	-0.07402298983429377
0.0029012460479821466	-0.05665564269037589
0.002907445291674416	-0.03919650370107428
0.002913644535366686	-0.021689608908061174
0.0029198437790589555	-0.004178963312408851
0.0029260430227512246	0.01329154294539168
0.0029322422664434943	0.030678236977939144
0.002938441510135764	0.04793778705654272
0.0029446407538280335	0.06502730652158634
0.002950839997520303	0.08190452930853664
0.0029570392412125723	0.09852757027295252
0.002963238484904842	0.11485571746278782
0.0029694377285971116	0.1308488435372863
0.002975636972289381	0.14646784863946846
0.002981836215981651	0.161674499441905
0.0029880354596739205	0.17643225130381804
0.0029942347033661896	0.19070549895997904
0.0030004339470584593	0.20445946831893314
0.003006633190750729	0.21766143021884443
0.0030128324344429985	0.2302800927892835
0.003019031678135268	0.24228508467646634
0.0030252309218275373	0.25364862120604453
0.003031430165519807	0.26434397472622195
0.0030376294092120766	0.27434633444862344
0.003043828652904346	0.2836325289034716
0.003050027896596616	0.2921819522488401
0.003056227140288885	0.2999748640265574
0.0030624263839811546	0.30699418049763905
0.0030686256276734243	0.31322475336158645
0.003074824871365694	0.3186531139558326
0.0030810241150579635	0.3232681934833552
0.003087223358750233	0.32706093974142164
0.0030934226024425023	0.3300240869200485
0.003099621846134772	0.33215308213512124
0.0031058210898270416	0.3334449712820883
0.003112020333519311	0.33389906675195524
0.003118219577211581	0.3335167880356584
0.00312441882090385	0.3323016513944477
0.0031306180645961196	0.3302592539294152
0.0031368173082883893	0.3273972531264993
0.003143016551980659	0.32372580121079675
0.0031492157956729285	0.3192556890076036
0.003155415039365198	0.31400054016759305
0.0031616142830574673	0.3079769101195459
0.003167813526749737	0.3012013006571788
0.0031740127704420066	0.29369406415510046
0.003180212014134276	0.28547616139668136
0.003186411257826546	0.2765695273294622
0.003192610501518815	0.2669990867032372
0.0031988097452110846	0.2567908972975373
0.0032050089889033542	0.24597293088297736
0.003211208232595624	0.2345730304386478
0.0032174074762878935	0.22262276954895907
0.003223606719980163	0.21015343478768697
0.0032298059636724323	0.1971974447986083
0.003236005207364702	0.18378977005666977
0.0032422044510569716	0.16996529884655356
0.003248403694749241	0.1557592516589223
0.003254602938441511	0.1412088193196389
0.00326080218213378	0.12635154193108508
0.0032670014258260496	0.11122565248650675
0.0032732006695183192	0.09586990866154102
0.003279399913210589	0.08032352683807796
0.0032855991569028585	0.0646259184544726
0.003291798400595128	0.04881738372460657
0.0032979976442873973	0.032937421308200335
0.003304196887979667	0.017026211752560905
0.0033103961316719365	0.0011237442121033406
0.003316595375364206	-0.014730169501188332
0.003322794619056476	-0.0304959500938274
0.003328993862748745	-0.04613441459890024
0.0033351931064410146	-0.061606577339774676
0.0033413923501332842	-0.0768744744904375
0.003347591593825554	-0.09190050478537792
0.0033537908375178235	-0.10664794785608439
0.0033599900812100927	-0.12108024344459326
0.0033661893249023623	-0.13516251096674156
0.003372388568594632	-0.14886059999256965
0.0033785878122869015	-0.1621414361304119
0.003384787055979171	-0.1749731017384887
0.003390986299671441	-0.18732427195341153
0.00339718554336371	-0.19916686700296202
0.0034033847870559796	-0.21047224431768388
0.0034095840307482492	-0.2212137554023839
0.003415783274440519	-0.23136654702877257
0.0034219825181327885	-0.24090722661863842
0.0034281817618250577	-0.24981395521841568
0.0034343810055173273	-0.25806550355566926
0.003440580249209597	-0.26564452150369655
0.0034467794929018665	-0.27253392315474106
0.003452978736594136	-0.27871839331656456
0.0034591779802864058	-0.28418532030635485
0.003465377223978675	-0.2889238001201245
0.0034715764676709446	-0.2929233511678722
0.0034777757113632142	-0.2961768628620916
0.003483974955055484	-0.2986787953564812
0.0034901741987477535	-0.30042531272204465
0.0034963734424400227	-0.3014146108199466
0.0035025726861322923	-0.3016467985744882
0.003508771929824562	-0.30112384967987577
0.0035149711735168315	-0.29984963830565764
0.003521170417209101	-0.29782894493775264
0.0035273696609013708	-0.2950722739983791
0.00353356890459364	-0.2915861498698478
0.0035397681482859096	-0.28738276449833455
0.003545967391978179	-0.282475104567176
0.003552166635670449	-0.27687785189849135
0.0035583658793627185	-0.27060803039610115
0.0035645651230549876	-0.2636824907836441
0.0035707643667472573	-0.25612117054526484
0.003576963610439527	-0.24794571046319586
0.0035831628541317965	-0.23917845996573744
0.003589362097824066	-0.22984289213475237
0.0035955613415163358	-0.2199654965788392
0.003601760585208605	-0.2095726808346117
0.0036079598289008746	-0.19869150980759004
0.003614159072593144	-0.18735137537719423
0.003620358316285414	-0.17558229681446352
0.0036265575599776835	-0.1634152654463347
0.0036327568036699526	-0.15088216315562872
0.0036389560473622223	-0.13801567990658153
0.003645155291054492	-0.12484922921335842
0.0036513545347467615	-0.1114168611331391
0.003657553778439031	-0.09775357008311925
0.0036637530221313003	-0.08389357518992147
0.00366995226582357	-0.06987244184194999
0.0036761515095158396	-0.055726528653015896
0.003682350753208109	-0.041491377831289186
0.003688549996900379	-0.027203055399406574
0.0036947492405926484	-0.012897361702871417
0.0037009484842849176	0.0013896803343123472
0.0037071477279771873	0.01562233259864198
0.003713346971669457	0.029765120817661993
0.0037195462153617265	0.043782922834414505
0.003725745459053996	0.05764110522136878
0.0037319447027462653	0.07130542490281959
0.003738143946438535	0.08474236751477246
0.0037443431901308046	0.09791907425037652
0.003750542433823074	0.11080345787333304
0.003756741677515344	0.12336428052078412
0.0037629409212076134	0.13557122932132726
0.0037691401648998826	0.14739498958320502
0.0037753394085921523	0.15880731508080406
0.003781538652284422	0.16978070882505297
0.0037877378959766915	0.1802901106028064
0.003793937139668961	0.19031028505054198
0.0038001363833612303	0.19981810342546813
0.0038063356270535	0.2087918097887769
0.0038125348707457696	0.2172102629707336
0.003818734114438039	0.22505471298635812
0.003824933358130309	0.23230767289219006
0.0038311326018225784	0.2389530275385999
0.0038373318455148476	0.24497711804097452
0.0038435310892071172	0.25036562068739676
0.003849730332899387	0.2551081297629125
0.0038559295765916565	0.25919458511698884
0.003862128820283926	0.262618356004521
0.0038683280639761953	0.2653726837770638
0.003874527307668465	0.2674531409939953
0.0038807265513607346	0.26885700912946287
0.003886925795053004	0.2695832787908706
0.003893125038745274	0.26963264631685696
0.0038993242824375434	0.26900750571841386
0.0039055235261298126	0.26771193601487725
0.003911722769822082	0.2657523908458723
0.003917922013514352	0.2631348306447848
0.0039241212572066215	0.25986898913607004
0.003930320500898891	0.25596474331798236
0.003936519744591161	0.2514357214202196
0.00394271898828343	0.24629528888625665
0.0039489182319757	0.24055732946416217
0.003955117475667969	0.2342400354854146
0.003961316719360238	0.22736137468827503
0.003967515963052508	0.21993953803460695
0.003973715206744778	0.21199576080774818
0.003979914450437047	0.20355192747666204
0.003986113694129317	0.1946310954157395
0.0039923129378215865	0.1852574319197224
0.003998512181513856	0.17545614941644108
0.004004711425206126	0.1652534381668184
0.004010910668898395	0.154676396682575
0.004017109912590665	0.143752960259392
0.004023309156282934	0.13251182758912036
0.004029508399975203	0.12098210106919721
0.004035707643667473	0.10919435486398246
0.004041906887359743	0.09717909993618017
0.004048106131052012	0.08496677577878657
0.004054305374744282	0.07258896723380728
0.0040605046184365515	0.06007744828686626
0.004066703862128821	0.04746408053903943
0.004072903105821091	0.0347808211141681
0.00407910234951336	0.022059786527352524
0.00408530159320563	0.009332598404005186
0.004091500836897899	-0.0033682907528200068
0.004097700080590168	-0.016011349498970002
0.004103899324282438	-0.028565081566338604
0.004110098567974708	-0.040998424890678384
0.004116297811666977	-0.05328067139495671
0.004122497055359247	-0.06538163073473424
0.0041286962990515165	-0.07727168594472704
0.004134895542743786	-0.08892186552459255
0.004141094786436056	-0.10030401141368596
0.004147294030128325	-0.11139050472892417
0.004153493273820594	-0.12215477666473208
0.004159692517512864	-0.13257111750235767
0.004165891761205133	-0.14261479225879128
0.004172091004897403	-0.15226209932947435
0.004178290248589673	-0.1614904260751252
0.004184489492281942	-0.17027815106412944
0.004190688735974212	-0.1786052468794041
0.0041968879796664815	-0.18645180219308027
0.004203087223358751	-0.19380155062316987
0.004209286467051021	-0.20063733662051883
0.00421548571074329	-0.20694407501234033
0.004221684954435559	-0.21270807102140518
0.004227884198127829	-0.21791704748310228
0.004234083441820098	-0.222560170886055
0.004240282685512368	-0.2266280724498545
0.004246481929204638	-0.23011286438857614
0.004252681172896907	-0.23300815303138606
0.004258880416589177	-0.23530904936097335
0.0042650796602814465	-0.23701217634241692
0.004271278903973716	-0.23811567130089617
0.004277478147665986	-0.23861918358564949
0.004283677391358255	-0.23852386861702923
0.004289876635050524	-0.23783237978335411
0.004296075878742794	-0.23654885728566527
0.004302275122435063	-0.23467891242824968
0.004308474366127333	-0.23222960697354694
0.004314673609819603	-0.22920942881839707
0.004320872853511872	-0.22562826531672983
0.004327072097204142	-0.22149737396694272
0.0043332713408964114	-0.21682862179551993
0.004339470584588681	-0.2116373465993396
0.004345669828280951	-0.20593800146896202
0.00435186907197322	-0.19974694849732394
0.004358068315665489	-0.19308158987881271
0.004364267559357759	-0.18596156735456884
0.004370466803050028	-0.17840493765358445
0.004376666046742298	-0.17043322237952938
0.004382865290434568	-0.16206811054583353
0.004389064534126837	-0.15333182724938071
0.004395263777819107	-0.1442485873603788
0.0044014630215113764	-0.13484216317676287
0.004407662265203646	-0.12513746577857454
0.004413861508895916	-0.11516005227261564
0.004420060752588185	-0.10493614716268741
0.004426259996280454	-0.09449221556656012
0.004432459239972724	-0.08385543782277154
0.004438658483664993	-0.07305334829813873
0.004444857727357263	-0.06211360480626309
0.0044510569710495326	-0.051064166703422446
0.004457256214741802	-0.03993324197372211
0.004463455458434072	-0.0287494182780975
0.004469654702126341	-0.017539896133867375
0.004475853945818611	-0.006333950194403702
0.004482053189510881	0.004840695068051644
0.00448825243320315	0.01595614486511958
0.004494451676895419	0.026984850563031227
0.004500650920587689	0.037899632706782684
0.004506850164279958	0.04867343203092899
0.004513049407972228	0.0592799349127078
0.0045192486516644976	0.06969324715547269
0.004525447895356767	0.07988809594411778
0.004531647139049037	0.08983980337764688
0.004537846382741306	0.09952454949243897
0.004544045626433576	0.10891915880730522
0.004550244870125846	0.1180013208745773
0.004556444113818115	0.12674960469794216
0.004562643357510384	0.13514350920349213
0.004568842601202654	0.1431635089020039
0.004575041844894923	0.15079110252970074
0.004581241088587193	0.15800868694110654
0.0045874403322794625	0.16480024189697803
0.004593639575971732	0.17115042698145588
0.004599838819664002	0.17704521698360268
0.004606038063356271	0.1824718263495104
0.004612237307048541	0.1874186454657018
0.004618436550740811	0.19187550570568293
0.00462463579443308	0.1958330053357634
0.004630835038125349	0.1992835634497438
0.004637034281817619	0.20222095258805978
0.004643233525509888	0.20463958390215065
0.004649432769202158	0.20653564179297199
0.0046556320128944275	0.2079071354621735
0.004661831256586697	0.20875262644105777
0.004668030500278967	0.20907211170000345
0.004674229743971236	0.2088673882451444
0.004680428987663506	0.20814112431840726
0.004686628231355776	0.20689741503277678
0.004692827475048045	0.20514163711020988
0.004699026718740314	0.20288042690898697
0.004705225962432584	0.2001216701022238
0.004711425206124853	0.19687445897730108
0.004717624449817123	0.19314909372100933
0.0047238236935093925	0.18895718763335828
0.004730022937201662	0.18431087992337322
0.004736222180893932	0.1792239372368747
0.004742421424586201	0.17371137213851645
0.004748620668278471	0.16778854080998393
0.004754819911970741	0.1614722131474981
0.00476101915566301	0.1547799608800324
0.004767218399355279	0.14773022203412836
0.004773417643047549	0.1403422507689461
0.004779616886739818	0.13263606736179406
0.004785816130432088	0.12463239412328828
0.0047920153741243575	0.1163526204170993
0.004798214617816627	0.10781872564611832
0.004804413861508897	0.09905322096013759
0.004810613105201166	0.09007914010069869
0.004816812348893436	0.08091987568092619
0.004823011592585706	0.07159922211775258
0.004829210836277974	0.06213822820637715
0.004835410079970244	0.052570315455548036
0.004841609323662514	0.04291087620768545
0.004847808567354783	0.033187551048456165
0.004854007811047053	0.023424996511677825
0.0048602070547393225	0.013647856769689975
0.004866406298431592	0.003880701695559865
0.004872605542123862	-0.005852034613459822
0.004878804785816131	-0.015526114769602223
0.004885004029508401	-0.025117562910726733
0.004891203273200671	-0.034602699539415464
0.004897402516892939	-0.04395824064992124
0.004903601760585209	-0.053161351345508485
0.004909801004277479	-0.06218956707380195
0.004916000247969748	-0.07102115968353855
0.004922199491662018	-0.07963485207485409
0.0049283987353542875	-0.08801026651496931
0.004934597979046557	-0.09612708807531517
0.004940797222738827	-0.10396628011346276
0.004946996466431096	-0.11150960925606732
0.004953195710123366	-0.11873943928485464
0.004959394953815636	-0.12563909028960263
0.004965594197507904	-0.1321927831640739
0.004971793441200174	-0.1383856716735042
0.004977992684892444	-0.14420391711762584
0.004984191928584713	-0.1496346351527559
0.004990391172276983	-0.15466600689753465
0.0049965904159692525	-0.1592872667990722
0.005002789659661522	-0.163488719052311
0.005008988903353792	-0.1672617589295412
0.005015188147046061	-0.17059889333940856
0.005021387390738331	-0.17349386975187558
0.005027586634430601	-0.17594141555140208
0.005033785878122869	-0.1779374705813674
0.005039985121815139	-0.17947889200298164
0.005046184365507409	-0.18056494121878006
0.005052383609199678	-0.18119368506683037
0.005058582852891948	-0.1813662254308355
0.0050647820965842175	-0.18108369269917024
0.005070981340276487	-0.18034993894527962
0.005077180583968757	-0.17916854045500982
0.005083379827661026	-0.17754487193961185
0.005089579071353296	-0.17548430405712753
0.005095778315045566	-0.17299433883307846
0.005101977558737834	-0.17008343271425677
0.005108176802430104	-0.16676074225211493
0.005114376046122374	-0.16303653140839738
0.005120575289814643	-0.1589220243886257
0.005126774533506913	-0.1544294140441232
0.0051329737771991825	-0.14957158888792782
0.005139173020891452	-0.1443625625193672
0.005145372264583722	-0.13881705311629178
0.005151571508275991	-0.13295055481241277
0.005157770751968261	-0.12677929369718346
0.005163969995660531	-0.12032018387212323
0.005170169239352799	-0.11359078174757344
0.005176368483045069	-0.10660923917550928
0.005182567726737339	-0.09939425452115953
0.005188766970429608	-0.09196502242994302
0.005194966214121878	-0.08434118307755846
0.0052011654578141475	-0.07654277120321733
0.005207364701506417	-0.0685901643226006
0.005213563945198687	-0.06050402990324552
0.005219763188890956	-0.05230527179213317
0.005225962432583226	-0.04401502898839858
0.005232161676275496	-0.035654384539914
0.005238360919967764	-0.02724471857902089
0.005244560163660034	-0.018807369207240174
0.005250759407352304	-0.01036358502754422
0.005256958651044573	-0.001934524204940262
0.005263157894736843	0.0064587360324300565
0.0052693571384291125	0.014795276686899802
0.005275556382121382	0.02305452639200274
0.005281755625813652	0.0312161413762056
0.005287954869505921	0.03925999327127442
0.005294154113198191	0.04716674878535892
0.005300353356890461	0.054917141503187175
0.005306552600582729	0.062492567990226004
0.005312751844274999	0.06987475611840745
0.005318951087967269	0.07704619729886984
0.005325150331659538	0.08398994726169226
0.005331349575351808	0.09068971029799941
0.0053375488190440775	0.09713011224302007
0.005343748062736347	0.10329584454370978
0.005349947306428617	0.10917271447646912
0.005356146550120886	0.1147479396874226
0.005362345793813156	0.12000876984540194
0.005368545037505426	0.12494355706169351
0.005374744281197694	0.1295415325434115
0.005380943524889964	0.13379282550706598
0.005387142768582234	0.1376884842136846
0.005393342012274503	0.1412204938121889
0.005399541255966773	0.14438147138358653
0.0054057404996590425	0.14716594296976274
0.005411939743351312	0.1495684908519589
0.005418138987043582	0.15158561364835033
0.005424338230735851	0.15321285888665065
0.005430537474428121	0.15444820854750294
0.00543673671812039	0.15529157779688288
0.005442935961812659	0.15574263716609868
0.005449135205504929	0.15580140640036472
0.005455334449197199	0.15547009126424666
0.005461533692889468	0.15475143916173448
0.005467732936581738	0.1536492477659466
0.0054739321802740075	0.15216795738516292
0.005480131423966277	0.1503135569917331
0.005486330667658547	0.1480923574308818
0.005492529911350816	0.14551201603232175
0.005498729155043086	0.14258026813528796
0.005504928398735355	0.13930648938467405
0.005511127642427624	0.1357004767516917
0.005517326886119894	0.13177317927085014
0.005523526129812164	0.1275361885727345
0.005529725373504433	0.12300116519827385
0.005535924617196703	0.11818122934708074
0.0055421238608889725	0.113089897431607
0.005548323104581242	0.10774129969928231
0.005554522348273512	0.1021501415787825
0.005560721591965781	0.0963316898692802
0.005566920835658051	0.09030163522320743
0.00557312007935032	0.08407590113233117
0.005579319323042589	0.07767168233043588
0.005585518566734859	0.07110561567751839
0.005591717810427129	0.06439497959328101
0.005597917054119398	0.057557328152275024
0.005604116297811668	0.050610445489368515
0.0056103155415039374	0.04357229621934197
0.005616514785196207	0.036460979276460595
0.005622714028888477	0.02929471013350337
0.005628913272580746	0.022091733216201725
0.005635112516273016	0.014870318230872015
0.005641311759965285	0.007648598507568743
0.005647511003657554	0.00044471230977781873
0.005653710247349824	-0.006723370649491313
0.0056599094910420936	-0.013837854419607516
0.005666108734734363	-0.020881197902908762
0.005672307978426633	-0.027836106198160303
0.0056785072221189024	-0.034685599590594265
0.005684706465811172	-0.04141305004964344
0.005690905709503442	-0.0480022535272125
0.005697104953195711	-0.054437336741501606
0.005703304196887981	-0.06070299594125163
0.00570950344058025	-0.06678438304289704
0.005715702684272519	-0.07266739080643733
0.005721901927964789	-0.07833799617655987
0.0057281011716570586	-0.08378321626681307
0.005734300415349328	-0.08899040089710648
0.005740499659041598	-0.09394806338141426
0.005746698902733867	-0.09864476946113683
0.005752898146426137	-0.10307069257723157
0.005759097390118407	-0.10721538828448637
0.005765296633810676	-0.11106990792418835
0.005771495877502946	-0.1146267520887588
0.005777695121195215	-0.11787837816152617
0.005783894364887484	-0.12081793361672973
0.005790093608579754	-0.12343982510294581
0.0057962928522720236	-0.1257389409268021
0.005802492095964293	-0.1277115800140984
0.005808691339656563	-0.1293543290116364
0.005814890583348832	-0.13066479837149125
0.005821089827041102	-0.13164144569413844
0.005827289070733372	-0.13228357522472906
0.005833488314425641	-0.13259133538320805
0.005839687558117911	-0.13256571311812843
0.00584588680181018	-0.13220852778374295
0.005852086045502449	-0.13152241959950633
0.005858285289194719	-0.1305108418019592
0.0058644845328869885	-0.12917804628294663
0.005870683776579258	-0.12752906888282003
0.005876883020271528	-0.12556971289664745
0.005883082263963797	-0.123306530912681
0.005889281507656067	-0.12074680420138813
0.005895480751348337	-0.11789781417197535
0.005901679995040606	-0.11476962556245165
0.005907879238732876	-0.11137089535381167
0.005914078482425145	-0.10771157959572668
0.005920277726117414	-0.10380289631488165
0.005926476969809684	-0.09965460016554606
0.0059326762135019535	-0.09527906262704934
0.005938875457194223	-0.09068846578566502
0.005945074700886493	-0.08589546732437192
0.005951273944578762	-0.08091316602972362
0.005957473188271032	-0.07575506643018634
0.005963672431963302	-0.07043504233301941
0.005969871675655571	-0.06496689481405105
0.005976070919347841	-0.059366324648594114
0.00598227016304011	-0.0536469502354002
0.005988469406732379	-0.04782407785085419
0.005994668650424649	-0.04191286149066731
0.0060008678941169185	-0.03592859547760969
0.006007067137809188	-0.029886675192474562
0.006013266381501458	-0.023802558044995068
0.006019465625193727	-0.017691724420216465
0.006025664868885997	-0.01156963854476763
0.006031864112578267	-0.0054517095861064385
0.006038063356270536	0.0006467471692153562
0.006044262599962805	0.006710549076534552
0.006050461843655075	0.012724676003820816
0.006056661087347344	0.018674318368605298
0.006062860331039614	0.024544908857562563
0.0060690595747318835	0.030322171095527164
0.006075258818424153	0.03599211140054141
0.006081458062116423	0.0415411027590385
0.006087657305808692	0.04695569113134176
0.006093856549500962	0.05222345329032396
0.006100055793193232	0.05733177819178287
0.006106255036885501	0.062268876153724444
0.00611245428057777	0.06702301302914254
0.00611865352427004	0.07158341096000226
0.006124852767962309	0.07593969586222293
0.006131052011654579	0.08008190564753223
0.0061372512553468485	0.08400110616872744
0.006143450499039118	0.08768871364137121
0.006149649742731388	0.09113653205827447
0.006155848986423657	0.09433731786439037
0.006162048230115927	0.0972844031603211
0.006168247473808197	0.09997179361639102
0.006174446717500466	0.10239384900859022
0.006180645961192735	0.10454640429659143
0.006186845204885005	0.10642564049696342
0.006193044448577274	0.10802815931590153
0.006199243692269544	0.10935147294073708
0.0062054429359618135	0.11039392660438313
0.006211642179654083	0.11115421030273213
0.006217841423346353	0.11163211111467677
0.006224040667038622	0.11182799632834324
0.006230239910730892	0.11174293954994355
0.006236439154423162	0.11137871385760209
0.006242638398115431	0.11073778362749981
0.0062488376418077	0.10982329449928963
0.00625503688549997	0.10863916139846758
0.006261236129192239	0.10718954891975914
0.006267435372884509	0.10547994183764237
0.0062736346165767785	0.10351591459661745
0.006279833860269048	0.1013038110024134
0.006286033103961318	0.09885056237850272
0.006292232347653587	0.09616333490707653
0.006298431591345857	0.09325083234521014
0.006304630835038127	0.09012124776224238
0.006310830078730396	0.0867836934114437
0.006317029322422665	0.08324796712987709
0.006323228566114935	0.0795235173475611
0.006329427809807204	0.07562100550298209
0.006335627053499474	0.07155112993565993
0.0063418262971917435	0.06732572376140332
0.006348025540884013	0.06295517201191478
0.006354224784576283	0.05845173442346649
0.006360424028268552	0.053826773428994903
0.006366623271960822	0.049093953787991224
0.006372822515653092	0.04426505710285512
0.006379021759345361	0.039352733726121754
0.00638522100303763	0.03436977192335857
0.0063914202467299	0.02932910596671798
0.006397619490422169	0.02424361097422316
0.006403818734114439	0.019126301464467168
0.0064100179778067085	0.013990278004346069
0.006416217221498978	0.0088484891098754
0.006422416465191248	0.0037138164573322233
0.006428615708883517	-0.0014008770049607927
0.006434814952575787	-0.006482883480983665
0.006441014196268057	-0.011519641623907501
0.006447213439960326	-0.016498788205777423
0.006453412683652595	-0.021408168992105785
0.006459611927344865	-0.026235870823565526
0.006465811171037134	-0.030970257550331573
0.006472010414729404	-0.035599980284374035
0.0064782096584216735	-0.0401140515422015
0.006484408902113943	-0.044501843301131716
0.006490608145806213	-0.04875301148574262
0.006496807389498482	-0.052857712531558416
0.006503006633190752	-0.05680649633927639
0.006509205876883022	-0.06059035876495087
0.006515405120575291	-0.06420076179481446
0.00652160436426756	-0.06762965236235996
0.00652780360795983	-0.07086947980617905
0.006534002851652099	-0.07391335527802748
0.006540202095344369	-0.0767545151334142
0.0065464013390366385	-0.07938712324948635
0.006552600582728908	-0.08180558804740719
0.006558799826421178	-0.08400546714127152
0.006564999070113447	-0.08598234350870347
0.006571198313805717	-0.08773215928992939
0.006577397557497987	-0.0892525680991651
0.006583596801190256	-0.09054131097972104
0.006589796044882525	-0.09159478479579199
0.006595995288574795	-0.09241392235695063
0.006602194532267064	-0.09299637262419605
0.006608393775959334	-0.09334282439509756
0.0066145930196516035	-0.09345362719381266
0.006620792263343873	-0.09333001826931688
0.006626991507036143	-0.0929733780135913
0.006633190750728412	-0.09238611468974305
0.006639389994420682	-0.09157104951336249
0.006645589238112952	-0.09053155918545089
0.006651788481805221	-0.08927156420864844
0.00665798772549749	-0.08779551587453184
0.00666418696918976	-0.08610838203945255
0.006670386212882029	-0.0842156317274466
0.006676585456574299	-0.08212306060644087
0.0066827847002665685	-0.07983740477685906
0.006688983943958838	-0.07736537637518326
0.006695183187651108	-0.07471427086734665
0.006701382431343377	-0.0718917906706131
0.006707581675035647	-0.06890612818673456
0.006713780918727917	-0.06576550698836026
0.006719980162420185	-0.0624789748541387
0.006726179406112455	-0.05905536579122379
0.006732378649804725	-0.05550420193002387
0.006738577893496994	-0.05183514248027227
0.006744777137189264	-0.04805808584140971
0.0067509763808815335	-0.04418314314472658
0.006757175624573803	-0.040220611661220575
0.006763374868266073	-0.036180862631023596
0.006769574111958342	-0.03207467007171942
0.006775773355650612	-0.02791262805987157
0.006781972599342882	-0.023705505690490736
0.00678817184303515	-0.01946411948282958
0.00679437108672742	-0.015199313267668236
0.00680057033041969	-0.010921919301537563
0.006806769574111959	-0.006642738775880647
0.006812968817804229	-0.0023725128425807385
0.0068191680614964984	0.0018781040535073073
0.006825367305188768	0.006098570439859652
0.006831566548881038	0.01027854089829654
0.006837765792573307	0.014407664126638974
0.006843965036265577	0.018475953456483247
0.006850164279957847	0.022473561271524913
0.006856363523650115	0.02639088743747984
0.006862562767342385	0.030218591072132036
0.006868762011034655	0.03394746266386859
0.006874961254726924	0.03756904137315115
0.006881160498419194	0.041074750271432384
0.0068873597421114634	0.04445649649488631
0.006893558985803733	0.0477061395651341
0.006899758229496003	0.05081714166482968
0.006905957473188272	0.05378253629162681
0.006912156716880542	0.056594960777517356
0.0069183559605728116	0.05924869116157108
0.00692455520426508	0.061738033173549936
0.00693075444795735	0.06405774004831959
0.0069369536916496196	0.06620311686003649
0.006943152935341889	0.06816963463104524
0.006949352179034159	0.06995355476459823
0.0069555514227264284	0.07155152147276304
0.006961750666418698	0.0729606389558466
0.006967949910110968	0.07417853061727114
0.006974149153803237	0.07520330563542223
0.006980348397495507	0.07603357016268635
0.0069865476411877766	0.07666842731060801
0.006992746884880045	0.07710747679081088
0.006998946128572315	0.07735070181390642
0.0070051453722645846	0.07739919244893927
0.007011344615956854	0.07725335022475092
0.007017543859649124	0.07691499758513325
0.007023743103341393	0.07638616162815584
0.007029942347033663	0.07566933621857902
0.007036141590725933	0.07476747257651721
0.007042340834418202	0.07368396853282688
0.007048540078110472	0.07242244596085681
0.0070547393218027415	0.07098760188340837
0.00706093856549501	0.06938390888321835
0.00706713780918728	0.0676163822340085
0.0070733370528795496	0.06569046075199157
0.007079536296571819	0.06361196142405612
0.007085735540264089	0.06138703691996423
0.007091934783956358	0.05905139046363747
0.007098134027648628	0.05652408113905841
0.007104333271340898	0.05390000726044686
0.007110532515033167	0.051157234204899135
0.007116731758725437	0.04830337464090339
0.0071229310024177065	0.045343429766175225
0.007129130246109975	0.04229390300582336
0.007135329489802245	0.03915470044875599
0.0071415287334945145	0.03593696509331233
0.007147727977186784	0.03264925351710435
0.007153927220879054	0.029300225478730086
0.007160126464571323	0.02589863020189346
0.007166325708263593	0.02245343964006766
0.007172524951955863	0.018973542147347987
0.007178724195648132	0.015467804601762485
0.007184923439340402	0.011945220971748742
0.0071911226830326715	0.008414728074321403
0.00719732192672494	0.004885233594287641
0.00720352117041721	0.0013655856748488412
0.0072097204141094795	-0.002135462017472865
0.007215919657801749	-0.005609236960701416
0.007222118901494019	-0.009047197546958104
0.007228318145186288	-0.012440945636926245
0.007234517388878558	-0.015782246761670535
0.007240716632570828	-0.019063049795959963
0.007246915876263097	-0.022275506435190783
0.007253115119955367	-0.025411988324332977
0.0072593143636476365	-0.02846526230799926
0.007265513607339905	-0.031427871223400045
0.007271712851032175	-0.03429299252478476
0.0072779120947244445	-0.03705432676189198
0.007284111338416714	-0.039705467864856465
0.007290310582108984	-0.0422404661063831
0.007296509825801253	-0.04465365729760135
0.007302709069493523	-0.046939818189389346
0.007308908313185793	-0.049093975637480476
0.007315107556878062	-0.05111157404325503
0.007321306800570332	-0.052988437480888266
0.007327506044262601	-0.054720718438025645
0.00733370528795487	-0.056305033689623446
0.00733990453164714	-0.05773827406397763
0.0073461037753394095	-0.05901762980679335
0.007352303019031679	-0.06014128537480098
0.007358502262723949	-0.06110721285552435
0.007364701506416218	-0.06191399350521206
0.007370900750108488	-0.06256061651469186
0.007377099993800758	-0.0630464803233762
0.007383299237493027	-0.06337139050814627
0.007389498481185297	-0.06353547189199239
0.007395697724877566	-0.06353947581385151
0.007401896968569835	-0.06338436254006245
0.007408096212262105	-0.06307153697724978
0.0074142954559543745	-0.06260279121956441
0.007420494699646644	-0.06198029767073528
0.007426693943338914	-0.061206601393493355
0.007432893187031183	-0.06028461127286032
0.007439092430723453	-0.0592178615888585
0.007445291674415723	-0.05800942165616835
0.007451490918107992	-0.05666349305428812
0.007457690161800262	-0.05518433440611348
0.007463889405492531	-0.053576378426871456
0.0074700886491848	-0.051844736672240745
0.00747628789287707	-0.049994436491456115
0.0074824871365693395	-0.04803088387270675
0.007488686380261609	-0.04595973440197861
0.007494885623953879	-0.043786877436041066
0.007501084867646148	-0.04151841979285521
0.007507284111338418	-0.03916066879759497
0.007513483355030688	-0.0367201149759704
0.007519682598722957	-0.034203414668564414
0.007525881842415227	-0.03161737240027886
0.007532081086107496	-0.028969024653530028
0.007538280329799765	-0.02626519018622646
0.007544479573492035	-0.023513136849201893
0.0075506788171843045	-0.02072008057360483
0.007556878060876574	-0.017893293383268942
0.007563077304568844	-0.015040084751206153
0.007569276548261113	-0.012167783017489381
0.007575475791953383	-0.009283706733438712
0.007581675035645653	-0.006395190602284921
0.007587874279337922	-0.003509494007269691
0.007594073523030192	-0.0006338366248457235
0.007600272766722461	0.002224628225262626
0.00760647201041473	0.005058863736048689
0.007612671254107	0.007861896074982706
0.0076188704977992695	0.010626906459918707
0.007625069741491539	0.013347208711973509
0.007631268985183809	0.01601627012957633
0.007637468228876078	0.01862773190977563
0.007643667472568348	0.0211754207765815
0.007649866716260618	0.023653466669402316
0.007656065959952887	0.026055915332585007
0.007662265203645157	0.028377444450241034
0.007668464447337426	0.030612545689355997
0.007674663691029695	0.032756231767867815
0.007680862934721965	0.03480384041898552
0.0076870621784142345	0.03675080319986084
0.007693261422106504	0.03859289774311027
0.007699460665798774	0.040325981564026905
0.007705659909491043	0.04194683476832964
0.007711859153183313	0.04345193390867394
0.007718058396875583	0.04483826728871101
0.007724257640567852	0.04610314160810283
0.007730456884260122	0.04724418656715406
0.007736656127952391	0.048259358878101205
0.00774285537164466	0.04914694540874281
0.00774905461533693	0.04990556520375698
0.0077552538590291995	0.050534170453775853
0.007761453102721469	0.051032046765608144
0.007767652346413739	0.05139881342282067
0.007773851590106008	0.05163442010519036
0.007780050833798278	0.051739148170085805
0.007786250077490548	0.051713605289412115
0.007792449321182817	0.05155859802146523
0.007798648564875087	0.05127564788066533
0.007804847808567356	0.050866270024003894
0.007811047052259625	0.050332144930478766
0.007817246295951895	0.0496755335183061
0.007823445539644164	0.04889892393954079
0.007829644783336434	0.04800499689531658
0.007835844027028704	0.04699682817859607
0.007842043270720973	0.045877732637393406
0.007848242514413243	0.04465101001148384
0.007854441758105513	0.04332087808903161
0.007860641001797782	0.041891173349780465
0.007866840245490052	0.040366149694482
0.007873039489182321	0.03875027203456082
0.007879238732874591	0.03704820351875579
0.00788543797656686	0.03526497288850149
0.00789163722025913	0.03340521779654987
0.0078978364639514	0.0314742465734594
0.007904035707643668	0.02947753367728823
0.007910234951335937	0.027420448503697945
0.007916434195028207	0.0253085580337679
0.007922633438720477	0.023147547525813137
0.007928832682412746	0.02094301714311805
0.007935031926105016	0.018701342485890216
0.007941231169797286	0.016427631545438512
0.007947430413489555	0.014127952817448684
0.007953629657181825	0.011808717990088891
0.007959828900874094	0.00947561397970484
0.007966028144566364	0.007134627848309346
0.007972227388258634	0.0047915918929243295
0.007978426631950903	0.0024524513340303143
0.007984625875643173	0.00012304806974810966
0.007990825119335443	-0.0021908393245527297
0.007997024363027712	-0.004483506021047404
0.008003223606719982	-0.006749375803458216
0.008009422850412251	-0.00898290549626002
0.008015622094104521	-0.011178726118238
0.00802182133779679	-0.013331588051984934
0.00802802058148906	-0.015436375184271017
0.00803421982518133	-0.01748814175468877
0.008040419068873598	-0.0194820909152371
0.008046618312565867	-0.021413631428071195
0.008052817556258137	-0.023278335032838913
0.008059016799950407	-0.025071980019723196
0.008065216043642676	-0.02679055213893433
0.008071415287334946	-0.028430253283945366
0.008077614531027216	-0.029987509422837306
0.008083813774719485	-0.03145904067748047
0.008090013018411755	-0.03284163377517711
0.008096212262104024	-0.034132475796128894
0.008102411505796294	-0.03532895627328645
0.008108610749488564	-0.036428720253755154
0.008114809993180833	-0.0374296734313987
0.008121009236873103	-0.0383298900519676
0.008127208480565373	-0.039128006803317024
0.008133407724257642	-0.039822457322262604
0.008139606967949912	-0.040412513927131084
0.008145806211642181	-0.04089740333509885
0.008152005455334451	-0.041276388943440115
0.00815820469902672	-0.041549233055083845
0.00816440394271899	-0.04171636525838348
0.00817060318641126	-0.041777696433417603
0.008176802430103528	-0.0417339831661231
0.008183001673795797	-0.04158603388509317
0.008189200917488067	-0.041334940790278156
0.008195400161180337	-0.040982047712697894
0.008201599404872606	-0.04052894600994306
0.008207798648564876	-0.039977465115256586
0.008213997892257146	-0.03932978738382233
0.008220197135949415	-0.0385879736413859
0.008226396379641685	-0.03775461256988695
0.008232595623333954	-0.03683251177308522
0.008238794867026224	-0.03582468894080656
0.008244994110718494	-0.034734024324804436
0.008251193354410763	-0.033563947490918004
0.008257392598103033	-0.03231794717411567
0.008263591841795303	-0.030999596880548833
0.008269791085487572	-0.029612877575564103
0.008275990329179842	-0.02816165845762407
0.008282189572872111	-0.02664933681805399
0.008288388816564381	-0.025081555655484214
0.00829458806025665	-0.02346191270109558
0.00830078730394892	-0.0217949256279771
0.008306986547641188	-0.020084916712682064
0.008313185791333458	-0.018336576066740672
0.008319385035025727	-0.01655489335663667
0.008325584278717997	-0.014743861074762816
0.008331783522410267	-0.012908606923221013
0.008337982766102536	-0.01105390609052076
0.008344182009794806	-0.009184549162685882
0.008350381253487076	-0.007305330183045968
0.008356580497179345	-0.005421033340345878
0.008362779740871615	-0.003536422772132654
0.008368978984563884	-0.001656229460287762
0.008375178228256154	0.0002148601198002269
0.008381377471948424	0.002072220135554137
0.008387576715640693	0.003911282708923571
0.008393775959332963	0.005727562738840263
0.008399975203025233	0.00751666357969132
0.008406174446717502	0.009274287888693144
0.008412373690409772	0.010995558901894742
0.008418572934102041	0.012678503694784203
0.008424772177794311	0.014317061591981421
0.00843097142148658	0.015908142761741344
0.00843717066517885	0.017448090766449396
0.008443369908871118	0.01893335945179063
0.008449569152563388	0.020360695741088536
0.008455768396255657	0.021726884243117302
0.008461967639947927	0.02302893671782701
0.008468166883640197	0.02426404321998823
0.008474366127332466	0.025429595059256682
0.008480565371024736	0.02652308883070094
0.008486764614717006	0.027542292197078724
0.008492963858409275	0.028485826565292232
0.008499163102101545	0.029350812409734205
0.008505362345793814	0.030136094706406723
0.008511561589486084	0.030840251733259025
0.008517760833178354	0.031462185108420346
0.008523960076870623	0.03200070984234689
0.008530159320562893	0.032454632028145594
0.008536358564255163	0.03282460565725119
0.008542557807947432	0.03310969331839455
0.008548757051639702	0.03330978734496374
0.008554956295331971	0.033424994606846455
0.008561155539024241	0.03345563461418495
0.00856735478271651	0.03340223697417663
0.00857355402640878	0.033265538431897904
0.008579753270101048	0.03304647790714791
0.008585952513793318	0.03274619974966699
0.008592151757485587	0.032366038912682575
0.008598351001177857	0.03190752311793191
0.008604550244870127	0.03137236578038708
0.008610749488562396	0.030762460482128353
0.008616948732254666	0.03007987513830109
0.008623147975946936	0.029326845598604063
0.008629347219639205	0.028505768755628214
0.008635546463331475	0.027619195233300177
0.008641745707023744	0.026669703460258765
0.008647944950716014	0.025660484378283405
0.008654144194408284	0.024594148528709166
0.008660343438100553	0.023473902377174515
0.008666542681792823	0.02230286325339776
0.008672741925485093	0.02108450079777565
0.008678941169177362	0.01982214683811165
0.008685140412869632	0.01851927092296446
0.008691339656561901	0.01717944417617019
0.008697538900254171	0.01580629604031598
0.00870373814394644	0.014403577123842446
0.00870993738763871	0.012974891362359416
0.008716136631330978	0.011524080543246001
0.008722335875023248	0.010054946595845977
0.008728535118715517	0.008571318197528217
0.008734734362407787	0.007076998256624623
0.008740933606100057	0.00557582134261612
0.008747132849792326	0.004071637489594212
0.008753332093484596	0.002568249863467085
0.008759531337176866	0.0010693696671764655
0.008765730580869135	-0.0004212458725662228
0.008771929824561405	-0.001899914362523337
0.008778129068253674	-0.0033629995600605134
0.008784328311945944	-0.0048069772545478425
0.008790527555638214	-0.006228336905188623
0.008796726799330483	-0.007623683913880877
0.008802926043022753	-0.008989706609429786
0.008809125286715022	-0.010323191230284091
0.008815324530407292	-0.011621029307387542
0.008821523774099562	-0.01288022469825104
0.008827723017791831	-0.014097891742835853
0.008833922261484101	-0.015271292880533827
0.00884012150517637	-0.01639780293285835
0.00884632074886864	-0.017474888107245914
0.008852519992560908	-0.01850031169585358
0.008858719236253178	-0.019471828842077897
0.008864918479945447	-0.020387397678493614
0.008871117723637717	-0.021245177003029657
0.008877316967329987	-0.022043336616950304
0.008883516211022256	-0.022780375457959766
0.008889715454714526	-0.023454888644108433
0.008895914698406795	-0.024065692125350348
0.008902113942099065	-0.02461163585418564
0.008908313185791335	-0.025091869986794604
0.008914512429483604	-0.02550567079826679
0.008920711673175874	-0.02585249272814074
0.008926910916868144	-0.026131960782306386
0.008933110160560413	-0.026343871976364886
0.008939309404252683	-0.026488092323919993
0.008945508647944952	-0.026564958784261294
0.008951707891637222	-0.0265746833083445
0.008957907135329492	-0.026517708404915668
0.008964106379021761	-0.026394738848031583
0.008970305622714031	-0.02620653899605789
0.0089765048664063	-0.025954065812109232
0.008982704110098568	-0.025638490838739664
0.008988903353790838	-0.025260954760750957
0.008995102597483108	-0.02482292534605744
0.009001301841175377	-0.024325952466565676
0.009007501084867647	-0.02377169336095803
0.009013700328559917	-0.023162033422735498
0.009019899572252186	-0.022498895443933572
0.009026098815944456	-0.021784304451760158
0.009032298059636725	-0.02102045885304109
0.009038497303328995	-0.020209643673852636
0.009044696547021265	-0.019354245010568243
0.009050895790713534	-0.018456740643921676
0.009057095034405804	-0.017519706553069846
0.009063294278098074	-0.016545776609205476
0.009069493521790343	-0.015537689830119243
0.009075692765482613	-0.014498232188789418
0.009081892009174882	-0.013430228373149108
0.009088091252867152	-0.012336581647896906
0.009094290496559422	-0.011220235521698253
0.009100489740251691	-0.010084148904446939
0.009106688983943961	-0.008931329813566306
0.00911288822763623	-0.007764797899032677
0.009119087471328498	-0.006587584809519574
0.009125286715020768	-0.005402724109520042
0.009131485958713038	-0.004213252032723229
0.009137685202405307	-0.0030221860487217866
0.009143884446097577	-0.001832529315996995
0.009150083689789847	-0.0006472543196756824
0.009156282933482116	0.0005306949285484521
0.009162482177174386	0.0016984167082064751
0.009168681420866655	0.002853056898021407
0.009174880664558925	0.003991815808589811
0.009181079908251195	0.005111954822305726
0.009187279151943464	0.006210802820524957
0.009193478395635734	0.007285762393002217
0.009199677639328004	0.008334315800646717
0.009205876883020273	0.009354030713508923
0.009212076126712543	0.010342565727176225
0.009218275370404812	0.011297627891043237
0.009224474614097082	0.012217164224129759
0.009230673857789352	0.013099093107996987
0.009236873101481621	0.013941486171922632
0.009243072345173891	0.014742529130953759
0.00924927158886616	0.015500502924591422
0.009255470832558428	0.016213898917638664
0.009261670076250698	0.01688119410326592
0.009267869319942968	0.01750110262118834
0.009274068563635237	0.018072019562780588
0.009280267807327507	0.018594060139831555
0.009286467051019777	0.019065136566624324
0.009292666294712046	0.01948483110823503
0.009298865538404316	0.0198524713818038
0.009305064782096585	0.020167544539523356
0.009311264025788855	0.02042965942150788
0.009317463269481125	0.02063856298289158
0.009323662513173394	0.020794137811908437
0.009329861756865664	0.020896401429948974
0.009336061000557934	0.02094550506980065
0.009342260244250203	0.020941736655341787
0.009348459487942473	0.020885502210292894
0.009354658731634742	0.020777349000348787
0.009360857975327012	0.020618042878153546
0.009367057219019282	0.02040813679070156
0.009373256462711551	0.020148731541376547
0.009379455706403821	0.019840815163738135
0.00938565495009609	0.019485533451837685
0.009391854193788358	0.019084142454388924
0.009398053437480628	0.018638004548849257
0.009404252681172898	0.018148584194743803
0.009410451924865167	0.01761740161002074
0.009416651168557437	0.017046193843664455
0.009422850412249707	0.016436663713320435
0.009429049655941976	0.01579063696248408
0.009435248899634246	0.015110017144083774
0.009441448143326515	0.01439678015392596
0.009447647387018785	0.013652968652213266
0.009453846630711055	0.012880726277601073
0.009460045874403324	0.012082158429378773
0.009466245118095594	0.011259456549292512
0.009472444361787864	0.010414882144116401
0.009478643605480133	0.009550771536890148
0.009484842849172403	0.008669421137356064
0.009491042092864672	0.007773177467831585
0.009497241336556942	0.00686440628523852
0.009503440580249212	0.005945486440278476
0.009509639823941481	0.005018803747650626
0.009515839067633751	0.004086744932633492
0.00952203831132602	0.0031516916597211227
0.009528237555018288	0.0022160140477212064
0.009534436798710558	0.001282067261663449
0.009540636042402828	0.00035218167131568617
0.009546835286095097	-0.0005713399168433728
0.009553034529787367	-0.001486226321807123
0.009559233773479637	-0.0023902499243716267
0.009565433017171906	-0.003281233461215359
0.009571632260864176	-0.0041570296429159345
0.009577831504556445	-0.005015562958827108
0.009584030748248715	-0.005854812736320425
0.009590229991940985	-0.006672823676216816
0.009596429235633254	-0.007467703919169955
0.009602628479325524	-0.00823764109838718
0.009608827723017794	-0.008980897322013391
0.009615026966710063	-0.009695815281041516
0.009621226210402333	-0.010380822943488072
0.009627425454094602	-0.011034432776489458
0.009633624697786872	-0.011655217737048345
0.009639823941479142	-0.012241940309912316
0.009646023185171411	-0.012793393569381011
0.009652222428863681	-0.013308414152023815
0.009658421672555949	-0.013786035866908032
0.009664620916248218	-0.01422532846955036
0.009670820159940488	-0.014625501378860734
0.009677019403632758	-0.014985894406837784
0.009683218647325027	-0.015305836380949912
0.009689417891017297	-0.015584855326914913
0.009695617134709567	-0.015822624677909288
0.009701816378401836	-0.01601884813285289
0.009708015622094106	-0.01617336215235838
0.009714214865786375	-0.016286114234250547
0.009720414109478645	-0.016357143008782
0.009726613353170915	-0.016386599488073552
0.009732812596863184	-0.01637473798527542
0.009739011840555454	-0.016321920613827954
0.009745211084247724	-0.016228592510000934
0.009751410327939993	-0.016095314059582363
0.009757609571632263	-0.015922736129476353
0.009763808815324532	-0.01571160334713087
0.009770008059016802	-0.01546275147850131
0.009776207302709072	-0.015177104532724079
0.009782406546401341	-0.014855610097431308
0.009788605790093611	-0.014499475548846712
0.009794805033785879	-0.0141098921027218
0.009801004277478148	-0.01368795985016824
0.009807203521170418	-0.013234465695594106
0.009813402764862688	-0.012751997798479962
0.009819602008554957	-0.012241975940507103
0.009825801252247227	-0.011704737127588375
0.009832000495939497	-0.011142436660741847
0.009838199739631766	-0.01055668087280793
0.009844398983324036	-0.009949127570480006
0.009850598227016305	-0.009321461181098669
0.009856797470708575	-0.008675445651920554
0.009862996714400845	-0.008012838949224171
0.009869195958093114	-0.007335435130245329
0.009875395201785384	-0.0066450529076695465
0.009881594445477654	-0.005943532309041984
0.009887793689169923	-0.005232722515229611
0.009893992932862193	-0.004514486412636487
0.009900192176554462	-0.003790678045480773
0.009906391420246732	-0.003063164732933248
0.009912590663939002	-0.002333802907401214
0.009918789907631271	-0.0016044387873943465
0.009924989151323541	-0.0008769039556841301
0.009931188395015809	-0.00015301024747460643
0.009937387638708078	0.0005654538677418535
0.009943586882400348	0.0012767277843158196
0.009949786126092618	0.0019790830582795756
0.009955985369784887	0.0026708275095769984
0.009962184613477157	0.0033503039915956144
0.009968383857169427	0.004015912218857043
0.009974583100861696	0.004666089676304993
0.009980782344553966	0.005299327933670685
0.009986981588246235	0.005914173319432316
0.009993180831938505	0.006509230117944269
0.009999380075630775	0.0070831853155172405
0.010005579319323044	0.007634725703339436
0.010011778563015314	0.008162666703842822
0.010017977806707584	0.008665903749243819
0.010024177050399853	0.00914331306353145
0.010030376294092123	0.009593933100395198
0.010036575537784392	0.010016848790717587
0.010042774781476662	0.010411215722211375
0.010048974025168932	0.010776252491016462
0.010055173268861201	0.01111134359573221
0.010061372512553471	0.011415847805093448
0.010067571756245739	0.011689260821483173
0.010073770999938008	0.011931142138833024
0.010079970243630278	0.012141139998524486
0.010086169487322548	0.01231898121958294
0.010092368731014817	0.012464657346868836
0.010098567974707087	0.012577570252484049
0.010104767218399357	0.012658179293501397
0.010110966462091626	0.012706394833932733
0.010117165705783896	0.012722346905632564
0.010123364949476165	0.012706256867504482
0.010129564193168435	0.012658419106223336
0.010135763436860705	0.012579248876375916
0.010141962680552974	0.012469176990187803
0.010148161924245244	0.012328731691042597
0.010154361167937513	0.01215849392567805
0.010160560411629783	0.011959185006543322
0.010166759655322053	0.011731485173546012
0.010172958899014322	0.011476240089295701
0.010179158142706592	0.011194301243177373
0.010185357386398862	0.010886594887699656
0.010191556630091131	0.010554104524113173
0.010197755873783399	0.010197877457134834
0.010203955117475669	0.009818981956109118
0.010210154361167938	0.00941856306902604
0.010216353604860208	0.008997809033831492
0.010222552848552478	0.008557930003269055
0.010228752092244747	0.008100201028992811
0.010234951335937017	0.00762605276507508
0.010241150579629286	0.007136535352139477
0.010247349823321556	0.006633142240187222
0.010253549067013826	0.006117251617600725
0.010259748310706095	0.005590261987959602
0.010265947554398365	0.005053588133748903
0.010272146798090635	0.004508584721083873
0.010278346041782904	0.0039568444771823875
0.010284545285475174	0.003399726098267477
0.010290744529167443	0.0028386731164254347
0.010296943772859713	0.00227512706584219
0.010303143016551983	0.0017105238837232493
0.010309342260244252	0.0011462903430646994
0.010315541503936522	0.0005838405214098326
0.010321740747628792	0.000024572340853487384
0.010327939991321061	-0.0005301358063343251
0.010334139235013329	-0.0010789283519803774
0.010340338478705599	-0.0016204757750345313
0.010346537722397868	-0.0021534777736581735
0.010352736966090138	-0.0026766661605335884
0.010358936209782408	-0.0031888175610365
0.010365135453474677	-0.003688718178476718
0.010371334697166947	-0.004175222349695611
0.010377533940859216	-0.004647218912470218
0.010383733184551486	-0.005103642414149332
0.010389932428243756	-0.005543467436620138
0.010396131671936025	-0.005965744141429384
0.010402330915628295	-0.0063695483658829394
0.010408530159320565	-0.00675401916735132
0.010414729403012834	-0.0071183513482542485
0.010420928646705104	-0.007461797350733748
0.010427127890397373	-0.0077836680977231626
0.010433327134089643	-0.008083334629360787
0.010439526377781913	-0.008360229117935717
0.010445725621474182	-0.008613845770209214
0.010451924865166452	-0.008843741537751465
0.010458124108858722	-0.009049508926787561
0.010464323352550991	-0.009230881008727538
0.010470522596243259	-0.009387593205430075
0.010476721839935529	-0.009519449448417065
0.010482921083627798	-0.009626326082095666
0.010489120327320068	-0.009708163320072516
0.010495319571012338	-0.00976618964502017
0.010501518814704607	-0.009796797252035364
0.010507718058396877	-0.009803789417241669
0.010513917302089146	-0.009786131642220874
0.010520116545781416	-0.00974407443038686
0.010526315789473686	-0.009677922348689291
0.010532515033165955	-0.009588048705822371
0.010538714276858225	-0.009474878161140619
0.010544913520550495	-0.009338890420334388
0.010551112764242764	-0.009180618508267542
0.010557312007935034	-0.009000658534742271
0.010563511251627303	-0.008799623174001627
0.010569710495319573	-0.008578203675287588
0.010575909739011843	-0.008337127413481546
0.010582108982704112	-0.008077137294103998
0.010588308226396382	-0.00779910366402558
0.010594507470088652	-0.007503846475526411
0.010600706713780921	-0.007192252377444607
0.010606905957473189	-0.006865223631998508
0.010613105201165459	-0.006523747553858209
0.010619304444857728	-0.006168797691347389
0.010625503688549998	-0.005801355064618636
0.010631702932242268	-0.005422360663531063
0.010637902175934537	-0.0050331629740000055
0.010644101419626807	-0.004634529450451687
0.010650300663319076	-0.004227639740734895
0.010656499907011346	-0.003813585761548251
0.010662699150703616	-0.0033934682156207276
0.010668898394395885	-0.0029683937434521884
0.010675097638088155	-0.0025394771791164435
0.010681296881780425	-0.0021078169962827848
0.010687496125472694	-0.0016745274549086378
0.010693695369164964	-0.001240710830981064
0.010699894612857233	-0.0008074612255425109
0.010706093856549503	-0.0003758628385117767
0.010712293100241773	0.000053014328300153445
0.010718492343934042	0.0004781159184421213
0.010724691587626312	0.0008984060213291332
0.010730890831318582	0.00131286962080163
0.010737090075010851	0.0017205149758503877
0.010743289318703119	0.002120379508842533
0.010749488562395389	0.0025115181639536427
0.010755687806087658	0.0028930254235444686
0.010761887049779928	0.0032640247726844723
0.010768086293472198	0.003623673578674805
0.010774285537164467	0.003971165028883527
0.010780484780856737	0.004305729629811293
0.010786684024549006	0.004626640390346891
0.010792883268241276	0.0049332179810832235
0.010799082511933546	0.005224782444530983
0.010805281755625815	0.00550075096111147
0.010811480999318085	0.005760560110083223
0.010817680243010355	0.00600369509794115
0.010823879486702624	0.006229687460883048
0.010830078730394894	0.006438115878619159
0.010836277974087163	0.006628578798026179
0.010842477217779433	0.006800815063710454
0.010848676461471703	0.006954504931640861
0.010854875705163972	0.007089428569469978
0.010861074948856242	0.007205404522223825
0.010867274192548512	0.007302309434968186
0.01087347343624078	0.007380058248819272
0.010879672679933049	0.007438621678773943
0.010885871923625319	0.007478038174467945
0.010892071167317588	0.007498338467504397
0.010898270411009858	0.00749965047776931
0.010904469654702128	0.00748213406735761
0.010910668898394397	0.007445982415730718
0.010916868142086667	0.007391437027699177
0.010923067385778936	0.007318854173792971
0.010929266629471206	0.007228526186796559
0.010935465873163476	0.007120564263592688
0.010941665116855745	0.006995986531083692
0.010947864360548015	0.006855147862596384
0.010954063604240285	0.006698061547151743
0.010960262847932554	0.006525638161308547
0.010966462091624824	0.006338213393072614
0.010972661335317093	0.006136408243029834
0.010978860579009363	0.005921050451896026
0.010985059822701633	0.005692696910491754
0.010991259066393902	0.0054520409789833146
0.010997458310086172	0.005199769666646362
0.011003657553778442	0.004936645067742621
0.01100985679747071	0.004663411962090428
0.011016056041162979	0.00438084267282435
0.011022255284855249	0.004089732679333812
0.011028454528547518	0.0037908846404824275
0.011034653772239788	0.0034851165572498998
0.011040853015932058	0.0031732629324377334
0.011047052259624327	0.002856147501082478
0.011053251503316597	0.0025346192023210992
0.011059450747008866	0.0022095271444167912
0.011065649990701136	0.001881713784180126
0.011071849234393406	0.0015520287397231265
0.011078048478085675	0.0012213167417942368
0.011084247721777945	0.000890417795630672
0.011090446965470215	0.0005601645142561301
0.011096646209162484	0.00023138273377299747
0.011102845452854754	-0.00009511493562465303
0.011109044696547023	-0.0004185278653652072
0.011115243940239293	-0.0007380701646716148
0.011121443183931563	-0.0010529725418897662
0.011127642427623832	-0.0013624841061143922
0.011133841671316102	-0.0016658740956144473
0.011140040915008372	-0.0019622736296561524
0.01114624015870064	-0.0022514767265737847
0.011152439402392909	-0.0025323431779280094
0.011158638646085179	-0.002804398470599613
0.011164837889777448	-0.0030670359912853577
0.011171037133469718	-0.0033196781124103874
0.011177236377161988	-0.003561777394441615
0.011183435620854257	-0.0037928177197489267
0.011189634864546527	-0.004012315331269075
0.011195834108238796	-0.004219819019007444
0.011202033351931066	-0.004414914047403359
0.011208232595623336	-0.004597218063526609
0.011214431839315605	-0.004766385128372937
0.011220631083007875	-0.0049221054263648275
0.011226830326700145	-0.005064105716234726
0.011233029570392414	-0.0051921496707577584
0.011239228814084684	-0.005306038136599303
0.011245428057776953	-0.005405609323859531
0.011251627301469223	-0.005490735736740254
0.011257826545161493	-0.005561335700246524
0.011264025788853762	-0.005617357529582077
0.011270225032546032	-0.005658788692546689
0.011276424276238302	-0.0056856534504615116
0.01128262351993057	-0.005698012864109638
0.011288822763622839	-0.005695968245414257
0.011295022007315109	-0.005679636585088996
0.011301221251007378	-0.005649194850472279
0.011307420494699648	-0.005604740887117524
0.011313619738391918	-0.005546715158169751
0.011319818982084187	-0.005475449199641143
0.011326018225776457	-0.005390905607092478
0.011332217469468726	-0.005293522482753608
0.011338416713160996	-0.005183771661700915
0.011344615956853266	-0.005061981998494401
0.011350815200545535	-0.004928566031558752
0.011357014444237805	-0.00478396192095372
0.011363213687930074	-0.0046286524194865475
0.011369412931622344	-0.004463081114215206
0.011375612175314614	-0.004287776003433307
0.011381811419006883	-0.004103263997807926
0.011388010662699153	-0.003910090512715917
0.011394209906391423	-0.003708817908800522
0.011400409150083692	-0.0035000239215222757
0.011406608393775962	-0.0032842942716936547
0.011412807637468231	-0.0030622514794427977
0.0114190068811605	-0.0028344903868530425
0.011425206124852769	-0.0026016406652216084
0.011431405368545039	-0.0023643328088796566
0.011437604612237308	-0.0021232029291211496
0.011443803855929578	-0.001878891099136148
0.011450003099621847	-0.001632039705105282
0.011456202343314117	-0.0013832918057567554
0.011462401587006387	-0.001133288813506661
0.011468600830698656	-0.0008826742039802764
0.011474800074390926	-0.0006320766829980979
0.011480999318083196	-0.00038212959111705725
0.011487198561775465	-0.00013345576460043108
0.011493397805467735	0.0001133319019501041
0.011499597049160004	0.0003576299814471156
0.011505796292852274	0.0005988444228190932
0.011511995536544544	0.0008363999561654108
0.011518194780236813	0.0010697291148984794
0.011524394023929083	0.0012982864914133233
0.011530593267621353	0.0015215388914055121
0.011536792511313622	0.001738969815143017
0.011542991755005892	0.0019500898400500446
0.01154919099869816	0.0021544226764876723
0.01155539024239043	0.0023515155548641037
0.011561589486082699	0.00254093798550039
0.011567788729774969	0.002722282643794667
0.011573987973467238	0.0028951661884721964
0.011580187217159508	0.003059230007664485
0.011586386460851777	0.003214140899319209
0.011592585704544047	0.0033595916807442083
0.011598784948236317	0.0034953017229813624
0.011604984191928586	0.0036210174156458587
0.011611183435620856	0.0037365070539608605
0.011617382679313126	0.0038415816632024653
0.011623581923005395	0.00393606635763678
0.011629781166697665	0.004019819344809062
0.011635980410389934	0.004092739747923402
0.011642179654082204	0.004154716606080377
0.011648378897774474	0.004205779129775254
0.011654578141466743	0.004245748718675236
0.011660777385159013	0.004274698875149274
0.011666976628851283	0.004292560737048821
0.011673175872543552	0.004299581616598844
0.011679375116235822	0.004295758320017529
0.01168557435992809	0.004281172725447142
0.01169177360362036	0.00425588134783498
0.011697972847312629	0.004220255721284643
0.011704172091004899	0.004174326223099232
0.011710371334697168	0.004118333275978297
0.011716570578389438	0.004052564933902257
0.011722769822081707	0.00397715696693706
0.011728969065773977	0.0038924657216151417
0.011735168309466247	0.003798758228869856
0.011741367553158516	0.003696363739834169
0.011747566796850786	0.003585618409957987
0.011753766040543056	0.003466876390716738
0.011759965284235325	0.0033405087626987373
0.011766164527927595	0.00320722554701536
0.011772363771619864	0.003066458990706942
0.011778563015312134	0.002919593607277788
0.011784762259004404	0.0027667367778171975
0.011790961502696673	0.0026083213106216693
0.011797160746388943	0.0024447984491752736
0.011803359990081213	0.0022766260743266155
0.011809559233773482	0.002104269320265474
0.011815758477465752	0.0019281996584413592
0.01182195772115802	0.0017488938706110874
0.01182815696485029	0.0015668320000088933
0.011834356208542559	0.001382496734436102
0.011840555452234829	0.0011963721902449904
0.011846754695927098	0.0010089426169184984
0.011852953939619368	0.0008206911455978052
0.011859153183311637	0.0006320985798032366
0.011865352427003907	0.00044364219979572766
0.011871551670696177	0.000255794552881636
0.011877750914388446	0.00006902247187629989
0.011883950158080716	-0.00011621435243161751
0.011890149401772986	-0.00029946424301457124
0.011896348645465255	-0.00048028466467303524
0.011902547889157525	-0.0006582432552601373
0.011908747132849794	-0.0008329176882321405
0.011914946376542064	-0.001003901045037391
0.011921145620234334	-0.0011708021967099312
0.011927344863926603	-0.0013332280295642142
0.011933544107618873	-0.0014907947986150573
0.011939743351311143	-0.0016431921029284988
0.011945942595003412	-0.0017900648283928444
0.011952141838695682	-0.001931094471390003
0.01195834108238795	-0.0020659801478145885
0.01196454032608022	-0.002194439195735077
0.011970739569772489	-0.0023162077201082675
0.011976938813464759	-0.0024310659297168704
0.011983138057157028	-0.00253873823036354
0.011989337300849298	-0.0026390451702135746
0.011995536544541567	-0.0027318022709710405
0.012001735788233837	-0.0028168457732083347
0.012007935031926107	-0.0028940328342625748
0.012014134275618376	-0.0029632416913518674
0.012020333519310646	-0.0030243717795067535
0.012026532763002916	-0.0030773438085766433
0.012032732006695185	-0.00312210132311673
0.012038931250387455	-0.0031586059253733757
0.012045130494079724	-0.003186841536886987
0.012051329737771994	-0.003206814486142524
0.012057528981464264	-0.003218550326588528
0.012063728225156533	-0.0032220956281462073
0.012069927468848803	-0.0032175171639695255
0.012076126712541073	-0.0032049015357739925
0.012082325956233342	-0.003184404009362464
0.01208852519992561	-0.003156049842961662
0.01209472444361788	-0.003119987302109558
0.01210092368731015	-0.0030764711189970625
0.012107122931002419	-0.0030256325659752783
0.012113322174694689	-0.0029676672913914065
0.012119521418386958	-0.002902787076164162
0.012125720662079228	-0.002831219169844876
0.012131919905771497	-0.0027532055773727064
0.012138119149463767	-0.00266900230027939
0.012144318393156037	-0.0025788785495494946
0.012150517636848306	-0.0024831159460511304
0.012156716880540576	-0.0023820077051475153
0.012162916124232846	-0.0022758614437892706
0.012169115367925115	-0.0021649826137959747
0.012175314611617385	-0.0020497000594302955
0.012181513855309654	-0.001930339681592195
0.012187713099001924	-0.001807246897165007
0.012193912342694194	-0.0016807623118885538
0.012200111586386463	-0.0015512355556243811
0.012206310830078733	-0.0014190152552242083
0.012212510073771003	-0.0012844746876811964
0.012218709317463272	-0.0011479583241051266
0.01222490856115554	-0.001009832958996662
0.01223110780484781	-0.0008704609029971101
0.01223730704854008	-0.0007302042280600611
0.012243506292232349	-0.0005894237100633238
0.012249705535924619	-0.00044847882887429964
0.012255904779616888	-0.00030772491505186544
0.012262104023309158	-0.00016751412425787033
0.012268303267001427	-0.000028193941070864494
0.012274502510693697	0.0001098935951889621
0.012280701754385967	0.00024641264705946433
0.012286900998078236	0.00038103393455341965
0.012293100241770506	0.0005134376697075957
0.012299299485462776	0.0006433112874030895
0.012305498729155045	0.0007703500978666772
0.012311697972847315	0.0008942645762493762
0.012317897216539584	0.0010147708795288691
0.012324096460231854	0.0011315979351903343
0.012330295703924124	0.0012444864737147221
0.012336494947616393	0.0013531895666939581
0.012342694191308663	0.001457473131160809
0.012348893435000933	0.0015571213336702321
0.012355092678693202	0.001651914717314471
0.01236129192238547	0.0017416729873050787
0.01236749116607774	0.0018262102128381603
0.01237369040977001	0.001905365125340619
0.012379889653462279	0.001978989420571687
0.012386088897154549	0.00204694925188386
0.012392288140846818	0.0021091268686544173
0.012398487384539088	0.0021654220170606903