0.	0.
0.00001	-0.039957065529918706
0.00002	-0.07965686012384726
0.000030000000000000004	-0.1188437898134946
0.00004	-0.1572656032384433
0.00005	-0.19467503457626537
0.00006000000000000001	-0.2308314127549975
0.00007000000000000001	-0.2655022260800067
0.00008	-0.29846463201738965
0.00009	-0.3295069016481132
0.0001	-0.3584297900277981
0.00011	-0.3850478230815517
0.00012000000000000002	-0.4091904924187862
0.00013000000000000002	-0.4307033516766459
0.00014000000000000001	-0.44944900567002233
0.00015000000000000001	-0.46530798973766274
0.00016	-0.4781795272048033
0.00017	-0.48798216921757115
0.00018	-0.4946543057241741
0.00019	-0.49815454938318104
0.0002	-0.49846198698696603
0.00021	-0.495576299439869
0.00022	-0.48951774885262916
0.00023	-0.4803270325195946
0.00024000000000000003	-0.4680650052808292
0.00025	-0.452812274570101
0.00026000000000000003	-0.4346686635002584
0.00027	-0.413752555599848
0.00028000000000000003	-0.3902001173616988
0.00029	-0.36416440747010603
0.00030000000000000003	-0.33581437669409914
0.00031	-0.30533376610040397
0.00032	-0.27291991092332585
0.00033000000000000005	-0.23878245456159627
0.00034	-0.20314198604348863
0.00035000000000000005	-0.16622860627246944
0.00036	-0.12828043338201953
0.00037000000000000005	-0.08954205709605137
0.00038	-0.050262952680731894
0.00039000000000000005	-0.010695863279295179
0.0004	0.0289048363585446
0.00041000000000000005	0.06828478592573868
0.00042	0.1071912836204171
0.00043000000000000004	0.14537491809341305
0.00044	0.18259117645882608
0.00045000000000000004	0.2186020193004933
0.00046	0.25317741117890946
0.00047000000000000004	0.2860967986436409
0.00048000000000000007	0.3171505224643585
0.0004900000000000001	0.34614115975648785
0.0005	0.37288478368052264
0.00051	0.39721213603457145
0.0005200000000000001	0.4189697002976885
0.0005300000000000001	0.43802067409688455
0.00054	0.45424583300217813
0.00055	0.46754427626903344
0.0005600000000000001	0.47783405655577377
0.0005700000000000001	0.48505268509198446
0.00058	0.48915751239559235
0.00059	0.49012597638442396
0.0006000000000000001	0.48795572458554487
0.0006100000000000001	0.4826646054689646
0.00062	0.47429052533165694
0.00063	0.46289117880908276
0.00064	0.4485436571772785
0.0006500000000000001	0.43134391659670185
0.0006600000000000001	0.411406140479855
0.00067	0.38886197828992125
0.00068	0.36385967050637275
0.0006900000000000001	0.3365630703142861
0.0007000000000000001	0.3071505657617924
0.00071	0.275813905931841
0.00072	0.24275694566611558
0.0007300000000000001	0.2081943127737743
0.0007400000000000001	0.17235000586653632
0.00075	0.1354559364618219
0.00076	0.0977504194470319
0.0007700000000000001	0.05947662656244916
0.0007800000000000001	0.020881010254388953
0.00079	-0.017788291298953575
0.0008	-0.05628305676937553
0.0008100000000000001	-0.09435658223285454
0.0008200000000000001	-0.13176526942356667
0.0008300000000000001	-0.16827019044508545
0.00084	-0.20363862000930724
0.0008500000000000001	-0.23764552553605772
0.0008600000000000001	-0.27007500340158436
0.0008700000000000001	-0.3007216549380363
0.00088	-0.32939189269114466
0.0008900000000000001	-0.35590516770608405
0.0009000000000000001	-0.3800951076959327
0.0009100000000000001	-0.4018105687141369
0.00092	-0.4209165786839016
0.00093	-0.43729518193762207
0.0009400000000000001	-0.45084616622369716
0.0009500000000000001	-0.4614876803517927
0.0009600000000000001	-0.4691567254138917
0.00097	-0.4738095301028468
0.0009800000000000002	-0.47542179446063804
0.00099	-0.47398881570001916
0.001	-0.46952547494704433
0.00101	-0.4620661120589642
0.00102	-0.4516642627466714
0.00103	-0.4383922791083033
0.0010400000000000001	-0.4223408258314786
0.0010500000000000002	-0.40361826010699414
0.0010600000000000002	-0.3823498985424938
0.00107	-0.3586771764670705
0.00108	-0.3327567027609888
0.00109	-0.30475922173054415
0.0011	-0.2748684819941939
0.00111	-0.24328002614701996
0.0011200000000000001	-0.2101999080313549
0.0011300000000000001	-0.17584334220971984
0.0011400000000000002	-0.14043329826993273
0.0011500000000000002	-0.10419904950439694
0.00116	-0.06737468168664346
0.00117	-0.03019757636806133
0.00118	0.007093125330097484
0.00119	0.044258066180539915
0.0012000000000000001	0.08105921451208763
0.0012100000000000001	0.11726139369514073
0.0012200000000000002	0.15263379047796002
0.0012300000000000002	0.18695143143229473
0.00124	0.2199966181049529
0.00125	0.25156031351337377
0.00126	0.2814434680533738
0.00127	0.3094582791480967
0.00128	0.33542937543161494
0.0012900000000000001	0.3591949180467962
0.0013000000000000002	0.38060761065770365
0.0013100000000000002	0.3995356165597157
0.0013200000000000002	0.41586337070725643
0.00133	0.4294922866770131
0.00134	0.4403413502867665
0.00135	0.4483476019300154
0.00136	0.453466497799739
0.0013700000000000001	0.45567215147023404
0.0013800000000000002	0.45495745747078536
0.0013900000000000002	0.45133408900751804
0.0014000000000000002	0.44483238128890096
0.00141	0.4355010823501134
0.00142	0.42340700014719557
0.00143	0.4086345243956746
0.00144	0.39128503995470887
0.0014500000000000001	0.3714762297509323
0.0014600000000000001	0.34934127812295934
0.0014700000000000002	0.32502797271730777
0.0014800000000000002	0.2986977161845794
0.0014900000000000002	0.2705244528952891
0.0015	0.24069351540979023
0.00151	0.20940040554525557
0.00152	0.17684950721220824
0.0015300000000000001	0.14325274912975947
0.0015400000000000001	0.10882822130080022
0.0015500000000000002	0.07379875506687096
0.0015600000000000002	0.038390477330692695
0.0015700000000000002	0.0028313462201549995
0.00158	-0.03265032060772344
0.00159	-0.06782731621866356
0.0016	-0.10247500372963954
0.00161	-0.13637275470989502
0.0016200000000000001	-0.16930535867393773
0.0016300000000000002	-0.20106439319673658
0.0016400000000000002	-0.2314495465980869
0.0016500000000000002	-0.2602698843693263
0.0016600000000000002	-0.28734505427386164
0.00167	-0.31250641405009666
0.00168	-0.33559808589178347
0.00169	-0.3564779236793961
0.0017000000000000001	-0.3750183878490831
0.0017100000000000001	-0.39110732591071945
0.0017200000000000002	-0.4046486480237342
0.0017300000000000002	-0.41556290004926705
0.0017400000000000002	-0.4237877262352206
0.00175	-0.42927822117057857
0.00176	-0.43200716634717073
0.00177	-0.4319651549510425
0.0017800000000000001	-0.4291605983567032
0.0017900000000000001	-0.42361961998549746
0.0018000000000000002	-0.41538583481791763
0.0018100000000000002	-0.4045200162630273
0.0018200000000000002	-0.3910996548208685
0.0018300000000000002	-0.37521840788745386
0.00184	-0.35698545098781803
0.00185	-0.3365247274833014
0.00186	-0.31397410697346373
0.0018700000000000001	-0.289484455980863
0.0018800000000000002	-0.26321862945127894
0.0018900000000000002	-0.23535038499335417
0.0019000000000000002	-0.20606323235820034
0.0019100000000000002	-0.17554922343963383
0.0019200000000000003	-0.14400769025166268
0.00193	-0.1116439402268453
0.00194	-0.07866791727927482
0.0019500000000000001	-0.04529283625340505
0.0019600000000000004	-0.0117338013736242
0.00197	0.021793583322977764
0.00198	0.055074602539949946
0.00199	0.08789680793357488
0.002	0.12005137774711556
0.00201	0.15133444745549413
0.00202	0.18154840612277176
0.00203	0.21050314605356396
0.00204	0.23801726150731317
0.00205	0.26391918641767254
0.00206	0.28804826555874374
0.0020700000000000002	0.3102557520307365
0.0020800000000000003	0.3304057238049125
0.0020900000000000003	0.3483759144823066
0.0021000000000000003	0.3640584554593448
0.0021100000000000003	0.37736051932307446
0.0021200000000000004	0.3882048677578281
0.0021300000000000004	0.39653029475047386
0.00214	0.4022919667792023
0.00215	0.4054616549385068
0.00216	0.4060278602425662
0.00217	0.403995831963925
0.00218	0.3993874746007451
0.00219	0.3922411515463351
0.0022	0.3826113818893178
0.00221	0.3705684341411456
0.00222	0.3561978198734288
0.00223	0.33959969253384503
0.0022400000000000002	0.3208881505904094
0.0022500000000000003	0.30019045670958094
0.0022600000000000003	0.2776461743204877
0.0022700000000000003	0.25340622442092914
0.0022800000000000003	0.22763187738918983
0.0022900000000000004	0.20049367918915156
0.0023000000000000004	0.17217032095213455
0.00231	0.14284746182309313
0.00232	0.1127165103794385
0.00233	0.0819733728540673
0.00234	0.050817178329366865
0.00235	0.019448985927667594
0.00236	-0.011929514017068533
0.00237	-0.0431172989143911
0.00238	-0.07391530358827594
0.00239	-0.10412769249931964
0.0024000000000000002	-0.1335631069453527
0.0024100000000000002	-0.16203587754463206
0.0024200000000000003	-0.18936719766202997
0.0024300000000000003	-0.2153862461181222
0.0024400000000000003	-0.23993125560249548
0.0024500000000000004	-0.26285051815050525
0.0024600000000000004	-0.28400332259951055
0.0024700000000000004	-0.30326081892754125
0.00248	-0.3205067992979173
0.00249	-0.33563839889423613
0.0025	-0.3485667067943551
0.00251	-0.3592172832068882
0.00252	-0.36753058469951116
0.00253	-0.37346228916625096
0.00254	-0.37698352253361833
0.00255	-0.37808098531819095
0.00256	-0.37675698026870164
0.0025700000000000002	-0.37302933382878106
0.0025800000000000003	-0.36693122599710115
0.0025900000000000003	-0.35851091373967153
0.0026000000000000003	-0.34783136520197677
0.0026100000000000003	-0.3349697961476304
0.0026200000000000004	-0.32001711811057154
0.0026300000000000004	-0.30307730108451203
0.0026400000000000004	-0.28426665408882007
0.00265	-0.2637130274394048
0.00266	-0.24155494805397812
0.00267	-0.21794068418567172
0.00268	-0.1930272554310182
0.00269	-0.16697938907389964
0.0027	-0.139968429556654
0.00271	-0.11217121219667026
0.00272	-0.08376890477843389
0.0027300000000000002	-0.05494582545746579
0.0027400000000000002	-0.02588824644455797
0.0027500000000000003	0.003216810439862568
0.0027600000000000003	0.032182778436821304
0.0027700000000000003	0.06082474243014544
0.0027800000000000004	0.08896062005320564
0.0027900000000000004	0.11641231960364656
0.0028000000000000004	0.14300686817638847
0.0028100000000000004	0.16857750095756271
0.00282	0.1929647079718463
0.00283	0.21601722782781796
0.00284	0.2375929860925864
0.00285	0.2575599691709303
0.00286	0.2757970323318814
0.00287	0.2921946297710804
0.00288	0.30665547253256653
0.00289	0.31909510129877416
0.0029000000000000002	0.3294423743169729
0.0029100000000000003	0.3376398702149667
0.0029200000000000003	0.3436441967751223
0.0029300000000000003	0.3474262128209711
0.0029400000000000003	0.3489711514288925
0.0029500000000000004	0.3482786583002366
0.0029600000000000004	0.34536272776856
0.0029700000000000004	0.3402515537403623
0.0029800000000000004	0.33298728845174713
0.00299	0.3236257084917361
0.003	0.3122358031901279
0.00301	0.2988992673086979
0.00302	0.28370992702367226
0.00303	0.26677308183583287
0.00304	0.2482047783149778
0.00305	0.2281310194731605
0.0030600000000000002	0.20668691025487476
0.0030700000000000002	0.18401575142827087
0.0030800000000000003	0.1602680827851604
0.0030900000000000003	0.13560068419446167
0.0031000000000000003	0.11017554214841692
0.0031100000000000004	0.08415878599334674
0.0031200000000000004	0.057719603302151916
0.0031300000000000004	0.03102913910280797
0.0031400000000000004	0.004259388860222698
0.0031500000000000005	-0.022417910186639838
0.00316	-0.04883238160975709
0.00317	-0.07481609275357219
0.00318	-0.10020463250109705
0.00319	-0.1248381411202781
0.0032	-0.14856232150146817
0.00321	-0.17122940404714718
0.00322	-0.19269906618575922
0.0032300000000000002	-0.2128392992580927
0.0032400000000000003	-0.23152721991974343
0.0032500000000000003	-0.24864981547007495
0.0032600000000000003	-0.26410462725829964
0.0032700000000000003	-0.2778003579440921
0.0032800000000000004	-0.28965740791878586
0.0032900000000000004	-0.29960833240197815
0.0033000000000000004	-0.307598218244659
0.0033100000000000004	-0.31358497840040106
0.0033200000000000005	-0.3175395641589124
0.00333	-0.31944608903943705
0.00334	-0.3193018708637643
0.00335	-0.31711738751784396
0.00336	-0.31291614839231535
0.00337	-0.30673448101800305
0.00338	-0.2986212397322548
0.0033900000000000002	-0.288637431907171
0.0034000000000000002	-0.276855769700943
0.0034100000000000003	-0.2633601484025579
0.0034200000000000003	-0.24824505515089973
0.0034300000000000003	-0.23161491109840335
0.0034400000000000003	-0.21358335546112106
0.0034500000000000004	-0.19427247222825342
0.0034600000000000004	-0.17381196535842475
0.0034700000000000004	-0.15233829032968751
0.0034800000000000005	-0.12999374696944363
0.0034900000000000005	-0.10692553585254479
0.0035	-0.08328479150205688
0.00351	-0.05922559284948269
0.00352	-0.034903959492105265
0.00353	-0.010476841027453663
0.00354	0.013898895174790272
0.00355	0.03806747070596795
0.0035600000000000002	0.061875190933107276
0.0035700000000000003	0.08517142170925408
0.0035800000000000003	0.10780954094070888
0.0035900000000000003	0.12964786167248468
0.0036000000000000003	0.1505505159474423
0.0036100000000000004	0.1703882994170634
0.0036200000000000004	0.18903946741702457
0.0036300000000000004	0.20639048106178787
0.0036400000000000004	0.22233669375752288
0.0036500000000000005	0.2367829799537598
0.0036600000000000005	0.24964429914949515
0.00367	0.26084619049537205
0.00368	0.27032519843964314
0.00369	0.2780292272527497
0.0037	0.2839178152599371
0.00371	0.2879623397720355
0.00372	0.2901461394123799
0.0037300000000000002	0.2904645620832752
0.0037400000000000003	0.2889249354789737
0.0037500000000000003	0.28554645812127716
0.0037600000000000003	0.280360017723582
0.0037700000000000003	0.27340793440604316
0.0037800000000000004	0.26474363008054347
0.0037900000000000004	0.2544312301976217
0.0038000000000000004	0.24254509958842485
0.0038100000000000005	0.22916931023208756
0.0038200000000000005	0.21439705437938497
0.0038300000000000005	0.1983299999237843
0.0038400000000000005	0.18107759411878227
0.00385	0.16275632173732238
0.00386	0.14348892093699997
0.00387	0.12340356381226247
0.00388	0.10263300603446784
0.0038900000000000002	0.08131371058021128
0.0039000000000000003	0.059584953387541176
0.00391	0.037587914593090445
0.003920000000000001	0.0154647625456166
0.00393	-0.006642263448222514
0.00394	-0.028591766447219735
0.00395	-0.05024409486157919
0.00396	-0.07146222962088494
0.0039700000000000004	-0.09211264949215443
0.00398	-0.11206616942435015
0.0039900000000000005	-0.13119874764907286
0.004	-0.14939225336149797
0.0040100000000000005	-0.1665351942037042
0.00402	-0.18252339720549862
0.004030000000000001	-0.19726063752632944
0.00404	-0.21065921542091845
0.004050000000000001	-0.22264047213050375
0.00406	-0.23313524777331746
0.004070000000000001	-0.24208427514858363
0.00408	-0.2494385059208836
0.004090000000000001	-0.2551593733940851
0.0041	-0.25921898216272277
0.00411	-0.2616002306079437
0.00412	-0.2622968640734514
0.00413	-0.26131345551868623
0.0041400000000000005	-0.2586653192768765
0.00415	-0.25437835510921025
0.0041600000000000005	-0.24848882396783042
0.00417	-0.24104306089656677
0.0041800000000000006	-0.2320971229431174
0.00419	-0.22171637629403043
0.004200000000000001	-0.2099750275039461
0.00421	-0.1969555980327144
0.004220000000000001	-0.1827483513681893
0.00423	-0.16745067015868925
0.004240000000000001	-0.15116639304376173
0.00425	-0.13400511383460828
0.004260000000000001	-0.11608144575093898
0.00427	-0.09751425979911632
0.00428	-0.07842589801179127
0.00429	-0.058941369506731386
0.0043	-0.03918753444748417
0.0043100000000000005	-0.019292279336376516
0.00432	0.0006163085075864088
0.0043300000000000005	0.020410764000898154
0.00434	0.03996505837771438
0.004350000000000001	0.059155399803676574
0.00436	0.07786101467302656
0.004370000000000001	0.09596490654421296
0.00438	0.11335458430804624
0.004390000000000001	0.12992275959930247
0.0044	0.14556800610915446
0.004410000000000001	0.16019537669980238
0.00442	0.17371697720042273
0.004430000000000001	0.18605249021038275
0.00444	0.1971296474421713
0.00445	0.20688465016262444
0.00446	0.21526252786184635
0.00447	0.22221744365014773
0.0044800000000000005	0.22771293541978493
0.00449	0.23172209767045232
0.0045000000000000005	0.23422769909612856
0.00451	0.23522223908642861
0.004520000000000001	0.23470794057411143
0.00453	0.2326966795570507
0.004540000000000001	0.22920985585300965
0.00455	0.22427819913085079
0.004560000000000001	0.217941520264027
0.00457	0.21024840317726604
0.004580000000000001	0.20125584336144775
0.00459	0.19102883386020061
0.004600000000000001	0.1796399024472528
0.00461	0.1671686031468289
0.00462	0.1537009659346031
0.0046300000000000004	0.13932890693510241
0.00464	0.12414960531521844
0.0046500000000000005	0.10826484949587588
0.00466	0.09178035823831354
0.0046700000000000005	0.07480507887657259
0.00468	0.05745047097353529
0.004690000000000001	0.03982977597836586
0.0047	0.022057281313943456
0.004710000000000001	0.004247580956612716
0.00472	-0.013485161173209331
0.004730000000000001	-0.031027940857458875
0.00474	-0.04826963158921486
0.004750000000000001	-0.06510168631757245
0.00476	-0.08141881834402817
0.004770000000000001	-0.09711965776928945
0.00478	-0.11210737817520076
0.00479	-0.1262902917097933
0.0048000000000000004	-0.13958240579456377
0.00481	-0.15190394203753402
0.0048200000000000005	-0.16318181033912962
0.00483	-0.17335003909208482
0.0048400000000000006	-0.18235015485333386
0.00485	-0.19013151379888965
0.004860000000000001	-0.19665157965290309
0.00487	-0.20187614853482033
0.004880000000000001	-0.2057795182570026
0.00489	-0.2083446020109968
0.004900000000000001	-0.20956034753963385
0.00491	-0.20943494000501983
0.004920000000000001	-0.20796934399127692
0.00493	-0.20518359978213693
0.004940000000000001	-0.2011034584223154
0.00495	-0.19576280704429153
0.00496	-0.1892034013370948
0.0049700000000000005	-0.18147455246005711
0.00498	-0.1726327635672255
0.0049900000000000005	-0.16274132514353562
0.005	-0.1518698675598681
0.0050100000000000006	-0.1400938770954429
0.00502	-0.12749417508445507
0.005030000000000001	-0.11415636935070546
0.00504	-0.10017027416997192
0.005050000000000001	-0.08562931019229138
0.00506	-0.07062988294667001
0.005070000000000001	-0.0552707467613506
0.00508	-0.039652356871530986
0.005090000000000001	-0.0238762151859202
0.0051	-0.008044212962013183
0.005110000000000001	0.007742025026819608
0.00512	0.02338179041040899
0.00513	0.03877593146775869
0.0051400000000000005	0.05382747910648472
0.00515	0.0684422556181476
0.0051600000000000005	0.08252946085521934
0.00517	0.0960022337818533
0.005180000000000001	0.10877818563233387
0.00519	0.12077989949332282
0.005200000000000001	0.13193539651907438
0.00521	0.14217856364301262
0.005220000000000001	0.15144954111451067
0.00523	0.15969506673079198
0.005240000000000001	0.16686877732571306
0.00525	0.1729314620925613
0.005260000000000001	0.17785127021004957
0.00527	0.1816038679213688
0.005280000000000001	0.184172549104562
0.00529	0.18554829322464403
0.0053	0.1857297763828078
0.0053100000000000005	0.18472332928515978
0.00532	0.182542852495867
0.0053300000000000005	0.17920967626332013
0.00534	0.17475237872763033
0.005350000000000001	0.16920655654812894
0.00536	0.16261455324934537
0.005370000000000001	0.15502514397107547
0.00538	0.14649318377011003
0.005390000000000001	0.13707921592210254
0.0054	0.12684904966842422
0.005410000000000001	0.11587330279053312
0.00542	0.1042269202374589
0.005430000000000001	0.09198866491796082
0.00544	0.07924058942312469
0.005450000000000001	0.0660674881763995
0.0054600000000000004	0.05255633707273457
0.00547	0.038795721833986344
0.0054800000000000005	0.024875259277503833
0.00549	0.010885016904234502
0.0055000000000000005	-0.0030850678219283938
0.00551	-0.01694576296769907
0.005520000000000001	-0.030609109663789234
0.00553	-0.043988977763911294
0.005540000000000001	-0.05700160623542729
0.00555	-0.06956612479402743
0.005560000000000001	-0.08160505345216693
0.00557	-0.0930447777197648
0.005580000000000001	-0.10381599490755043
0.00559	-0.11385413116131
0.005600000000000001	-0.12309972384585897
0.00561	-0.13149877098641458
0.005620000000000001	-0.1390030401919541
0.0056300000000000005	-0.14557034228911303
0.00564	-0.15116476078249966
0.0056500000000000005	-0.15575684275962795
0.00566	-0.1593237444191312
0.0056700000000000006	-0.16184933681087718
0.00568	-0.16332425826623817
0.005690000000000001	-0.16374594367428885
0.0057	-0.16311858340354596
0.005710000000000001	-0.1614530583168867
0.00572	-0.15876682609445608
0.005730000000000001	-0.15508376485794348
0.00574	-0.15043397917717607
0.005750000000000001	-0.14485356560832527
0.00576	-0.13838434221304646
0.005770000000000001	-0.13107170714829586
0.00578	-0.12297347732435049
0.005790000000000001	-0.11414116591396402
0.0058000000000000005	-0.10463793932417265
0.00581	-0.09452901952276271
0.0058200000000000005	-0.08388307410222975
0.00583	-0.07277175479905214
0.005840000000000001	-0.0612692176122293
0.00585	-0.04945163142960698
0.005860000000000001	-0.037396675350649174
0.00587	-0.025183034857281565
0.005880000000000001	-0.012889883190806065
0.00589	-0.0005963782188570896
0.005900000000000001	0.011618848473535394
0.00591	0.023678191253794795
0.005920000000000001	0.03550556093555793
0.00593	0.047026862123804726
0.005940000000000001	0.05817045508691838
0.00595	0.06886759782599089
0.005960000000000001	0.07905286788257776
0.0059700000000000005	0.08866455864323813
0.00598	0.09764505041804707
0.0059900000000000005	0.10594115206553599
0.006	0.11350441157769951
0.006010000000000001	0.12029139610092562
0.00602	0.12626393455215218
0.006030000000000001	0.13139170862394386
0.00604	0.1356432494522352
0.006050000000000001	0.13899625096323173
0.00606	0.14144110251002767
0.006070000000000001	0.1429656216609967
0.00608	0.14356629694905457
0.006090000000000001	0.1432455738868492
0.0061	0.1420117621953394
0.006110000000000001	0.13987896603141028
0.0061200000000000004	0.1368669494243006
0.006130000000000001	0.13300097029825214
0.0061400000000000005	0.1283115814713362
0.00615	0.12283439847231792
0.0061600000000000005	0.11660983669620897
0.00617	0.10968282011994833
0.006180000000000001	0.10210246160686286
0.00619	0.09392172040459874
0.006200000000000001	0.08519703631687844
0.00621	0.07598794354249003
0.006220000000000001	0.06635666864099105
0.00623	0.0563677128073288
0.006240000000000001	0.046087423470353786
0.00625	0.03558355599604535
0.006260000000000001	0.024924830114018776
0.00627	0.014180482857253809
0.006280000000000001	0.003419821094573505
0.0062900000000000005	-0.007288221263894778
0.006300000000000001	-0.0178755234568857
0.0063100000000000005	-0.028275219175793113
0.00632	-0.038422087009545955
0.0063300000000000006	-0.04825299888534432
0.00634	-0.057707265379838266
0.006350000000000001	-0.06672704398509245
0.00636	-0.07525767187515199
0.006370000000000001	-0.08324799789157131
0.00638	-0.09065068596573153
0.006390000000000001	-0.0974224916745015
0.0064	-0.10352451090125372
0.006410000000000001	-0.10892239883159963
0.00642	-0.11358655817130876
0.006430000000000001	-0.1174922952334458
0.00644	-0.12061994475152879
0.006450000000000001	-0.12295495943385029
0.0064600000000000005	-0.12448796801730226
0.006470000000000001	-0.12521479912834918
0.0064800000000000005	-0.12513647055970292
0.00649	-0.12425914729048702
0.006500000000000001	-0.12259406557766389
0.00651	-0.12015742418590532
0.006520000000000001	-0.11697029738087743
0.00653	-0.1130582119374105
0.006540000000000001	-0.10845146425929747
0.00655	-0.10318436815048736
0.006560000000000001	-0.09729528233977626
0.00657	-0.09082627262969559
0.006580000000000001	-0.08382281877939622
0.00659	-0.07633349927654397
0.006600000000000001	-0.06840965810520525
0.00661	-0.06010505573717655
0.006620000000000001	-0.05147550232643113
0.0066300000000000005	-0.042578515038563025
0.006640000000000001	-0.03347287740416198
0.0066500000000000005	-0.02421831402664864
0.00666	-0.014875070904149475
0.006670000000000001	-0.005503532000256822
0.00668	0.003836168772345758
0.006690000000000001	0.01308453100942772
0.0067	0.02218306444198395
0.006710000000000001	0.031074657419890468
0.00672	0.039703931327446707
0.006730000000000001	0.04801757708377971
0.00674	0.05596470269258379
0.006750000000000001	0.06349711645458124
0.00676	0.0705696306685182
0.006770000000000001	0.07714082057550838
0.0067800000000000004	0.0831707968677253
0.006790000000000001	0.08862637216590653
0.0068000000000000005	0.09347631023203437
0.006810000000000001	0.09769396763996546
0.0068200000000000005	0.10125694027644255
0.00683	0.10414717577319003
0.006840000000000001	0.10635105831727167
0.00685	0.1078594638913847
0.006860000000000001	0.10866778495345049
0.00687	0.10877592904409253
0.006880000000000001	0.10818828501869188
0.00689	0.10691366335279814
0.006900000000000001	0.10496526794817448
0.00691	0.1023602603403322
0.006920000000000001	0.09912031079923651
0.00693	0.09527065021748815
0.006940000000000001	0.09084035805755758
0.0069500000000000004	0.08586200043701891
0.006960000000000001	0.08037141412003745
0.0069700000000000005	0.07440745196436514
0.006980000000000001	0.0680117132165864
0.0069900000000000006	0.06122825617352191
0.007	0.054103298118475855
0.007010000000000001	0.04668443911568923
0.00702	0.03902266344934441
0.007030000000000001	0.031167364538031574
0.00704	0.023170657129724877
0.007050000000000001	0.015084716947143115
0.00706	0.0069619071952001545
0.007070000000000001	-0.0011455581283740515
0.00708	-0.009185947708735893
0.007090000000000001	-0.01710834473286713
0.0071	-0.024862955130554434
0.007110000000000001	-0.03240141690541424
0.0071200000000000005	-0.03967714228209573
0.007130000000000001	-0.04664554009159938
0.0071400000000000005	-0.053264323978574314
0.007150000000000001	-0.05949375781990575
0.0071600000000000006	-0.06529689160628478
0.00717	-0.07063977727131476
0.007180000000000001	-0.07549166394898067
0.00719	-0.0798251711411162
0.007200000000000001	-0.08361643931285864
0.00721	-0.086845256102291
0.007220000000000001	-0.08949515905010764
0.00723	-0.09155351308254286
0.007240000000000001	-0.0930115629977227
0.00725	-0.0938644605275641
0.007260000000000001	-0.09411126643135782
0.00727	-0.09375489710760528
0.007280000000000001	-0.09280218405447685
0.0072900000000000005	-0.0912636621766457
0.007300000000000001	-0.08915361607373425
0.0073100000000000005	-0.08648969780308668
0.007320000000000001	-0.08329314489728051
0.007330000000000001	-0.07958839055011825
0.00734	-0.07540293707313664
0.007350000000000001	-0.07076715669871368
0.00736	-0.06571407554631503
0.007370000000000001	-0.06027914193318498
0.00738	-0.05449998147806742
0.007390000000000001	-0.04841613949038716
0.0074	-0.04206881328944058
0.007410000000000001	-0.03550057599607792
0.00742	-0.02875509333459919
0.007430000000000001	-0.02187683579367983
0.00744	-0.01491078785028977
0.007450000000000001	-0.007902180228723858
0.0074600000000000005	-0.0008960770724142124
0.007470000000000001	0.006062674159536774
0.0074800000000000005	0.012929958250152099
0.007490000000000001	0.019662534407005362
0.007500000000000001	0.026218406896534225
0.00751	0.032556984466411046
0.007520000000000001	0.03863938676279263
0.00753	0.0444286680723282
0.007540000000000001	0.04989003896385049
0.00755	0.054991073145307864
0.007560000000000001	0.05970189684457576
0.00757	0.06399536058570719
0.007580000000000001	0.06784719266971768
0.00759	0.0712361323885154
0.007600000000000001	0.07414404362551993
0.0076100000000000004	0.07655600660571951
0.007620000000000001	0.07846038931921284
0.0076300000000000005	0.07984889681621703
0.007640000000000001	0.0807165984593313
0.0076500000000000005	0.08106193454238163
0.007660000000000001	0.08088659642035849
0.007670000000000001	0.08019588801115883
0.007680000000000001	0.07899809619935645
0.007690000000000001	0.07730477340683749
0.0077	0.0751305544458954
0.007710000000000001	0.07249316874161167
0.00772	0.06941277409343194
0.007730000000000001	0.06591261048616051
0.00774	0.06201829110120802
0.007750000000000001	0.05775775405258034
0.00776	0.05316192802853975
0.007770000000000001	0.04826100598222564
0.0077800000000000005	0.043088872884115885
0.007790000000000001	0.03768220876558813
0.0078000000000000005	0.03207660716678207
0.007810000000000001	0.026309449029839126
0.00782	0.020418859746539855
0.00783	0.014443459523338854
0.007840000000000001	0.008422112079697003
0.007850000000000001	0.00239367395718465
0.00786	-0.003603254286742101
0.00787	-0.009530594703121818
0.00788	-0.0153509245583007
0.007890000000000001	-0.02102797428043362
0.0079	-0.026526451362126214
0.00791	-0.03181262311922912
0.00792	-0.036854342382764256
0.007930000000000001	-0.041621276783800405
0.007940000000000001	-0.046085088776515196
0.00795	-0.05021960189809202
0.00796	-0.05400092016640076
0.007970000000000001	-0.05740771092356765
0.007980000000000001	-0.06042106925726833
0.00799	-0.06302480493825938
0.008	-0.06520547551650871
0.008010000000000001	-0.06695245073573206
0.008020000000000001	-0.0682579584171456
0.00803	-0.06911711214016424
0.00804	-0.06952699586255756
0.00805	-0.06949127349756115
0.008060000000000001	-0.06901092149996747
0.00807	-0.06809342146830061
0.00808	-0.06674807655077297
0.00809	-0.06498685446204397
0.008100000000000001	-0.06282428935410088
0.008110000000000001	-0.06027760593181551
0.00812	-0.05736556489331505
0.00813	-0.05410982774717482
0.008140000000000001	-0.05053433060827486
0.008150000000000001	-0.04666419823912021
0.00816	-0.04252648562929023
0.00817	-0.038149771154078665
0.008180000000000002	-0.03356393847845566
0.008190000000000001	-0.028799962573891284
0.0082	-0.023889713268497398
0.00821	-0.01886574385385393
0.00822	-0.013761077416478563
0.008230000000000001	-0.008608991599247023
0.00824	-0.0034428035844453826
0.00825	0.0017043436345138784
0.00826	0.0067996920293975065
0.008270000000000001	0.01181107524077447
0.008280000000000001	0.01670711983384973
0.00829	0.02145743987842521
0.0083	0.026032823630838187
0.008310000000000001	0.030405411259449906
0.008320000000000001	0.03454886229038261
0.00833	0.038438525839476996
0.00834	0.04205150262571599
0.008350000000000002	0.045366987429402664
0.008360000000000001	0.048366099711361986
0.00837	0.05103220815172146
0.00838	0.05335092983534479
0.00839	0.05531021943699354
0.008400000000000001	0.05690045823910293
0.00841	0.058114478443164364
0.00842	0.05894722088280692
0.00843	0.05939679099906826
0.008440000000000001	0.05946325426572974
0.008450000000000001	0.05914926098302685
0.00846	0.05845987416397928
0.00847	0.05740251794224518
0.008480000000000001	0.055986914617197
0.008490000000000001	0.054224985806443034
0.0085	0.05213079454750944
0.00851	0.049720402294321946
0.008520000000000002	0.047011783737905405
0.008530000000000001	0.04402466500497309
0.00854	0.040780363897858565
0.00855	0.037301591028282476
0.00856	0.03361267731478415
0.008570000000000001	0.029738822429177064
0.00858	0.025706288698262487
0.00859	0.021542141280375755
0.0086	0.017274068551040477
0.008610000000000001	0.012930199602852091
0.008620000000000001	0.008538920689597496
0.00863	0.004128691447141618
0.00864	-0.0002721379668518761
0.008650000000000001	-0.004635507444111645
0.008660000000000001	-0.008933824245584332
0.00867	-0.013140135804025696
0.00868	-0.0172281890387463
0.008690000000000002	-0.021173131486189833
0.008700000000000001	-0.024950583939184763
0.00871	-0.028537841794875878
0.00872	-0.0319135179585763
0.00873	-0.035057900627385084
0.008740000000000001	-0.037952577834508644
0.00875	-0.04058115168840844
0.00876	-0.04292898778847353
0.00877	-0.04498336710624919
0.008780000000000001	-0.04673355195465734
0.008790000000000001	-0.048170838112016286
0.0088	-0.0492885945085524
0.00881	-0.050082288264851144
0.008820000000000001	-0.0505494967420064
0.008830000000000001	-0.05068990607315279
0.00884	-0.05050529527633143
0.00885	-0.049999508230135395
0.008860000000000002	-0.049178411975049546
0.008870000000000001	-0.04804984280873955
0.00888	-0.04662353950488196
0.00889	-0.04491106575046029
0.0089	-0.04292582825362403
0.008910000000000001	-0.04068258623664734
0.00892	-0.03819768939048507
0.00893	-0.03548933815504364
0.00894	-0.032576543383507746
0.008950000000000001	-0.029479611111189043
0.008960000000000001	-0.026220220134101108
0.00897	-0.022819467228222333
0.00898	-0.019301337720434193
0.008990000000000001	-0.015688797895510292
0.009000000000000001	-0.0120060185974445
0.00901	-0.008277046431040576
0.00902	-0.004525913338008168
0.009030000000000002	-0.0007768922065645191
0.009040000000000001	0.002946066271963299
0.00905	0.006619376285556055
0.00906	0.01021996483622076
0.00907	0.013725415169537746
0.009080000000000001	0.017114059648599765
0.00909	0.02036525945390406
0.0091	0.023459352326927353
0.00911	0.026377863341508805
0.009120000000000001	0.02910359426880758
0.009130000000000001	0.03162072312216741
0.00914	0.03391489354267258
0.00915	0.035973574604058686
0.009160000000000001	0.03779029764481389
0.009170000000000001	0.039339965258288714
0.00918	0.040630603166899606
0.00919	0.04165088496901421
0.009200000000000002	0.042396541052014174
0.009210000000000001	0.0428650943478387
0.00922	0.04305586091985872
0.00923	0.04296993962872131
0.00924	0.04261019008998402
0.009250000000000001	0.04198119972014614
0.009260000000000001	0.041089239995228954
0.00927	0.039942212104662596
0.00928	0.0385485498027974
0.009290000000000001	0.03692130811369541
0.009300000000000001	0.03507206220951277
0.00931	0.03301488431078002
0.00932	0.03076306163240853
0.009330000000000001	0.028333565509707587
0.009340000000000001	0.02574341970305903
0.00935	0.023010533036908115
0.00936	0.020153577518260794
0.009370000000000002	0.017191862149942557
0.009380000000000001	0.014145203967688012
0.00939	0.01103379662909893
0.0094	0.007878053016599537
0.00941	0.0046985886086872925
0.009420000000000001	0.0015158804767506247
0.009430000000000001	-0.0016496970551545358
0.00944	-0.004778050806108999
0.00945	-0.00784949498491247
0.009460000000000001	-0.010844873778876574
0.009470000000000001	-0.01374567952142519
0.00948	-0.01653416558963063
0.00949	-0.019193453645603573
0.009500000000000001	-0.021707634305160296
0.009510000000000001	-0.024061860854388183
0.00952	-0.02624243518717602
0.00953	-0.028236885818166264
0.009540000000000002	-0.030034417391390865
0.009550000000000001	-0.031623849117088536
0.00956	-0.03299837801903001
0.00957	-0.03415042760986098
0.00958	-0.035074517981498854
0.009590000000000001	-0.03576674631513119
0.009600000000000001	-0.036224453518319155
0.00961	-0.0364468255383345
0.00962	-0.03643443932655946
0.009630000000000001	-0.03618993407981767
0.009640000000000001	-0.03571515685470868
0.00965	-0.035016784636459096
0.00966	-0.034100623210685306
0.009670000000000002	-0.032974382642341586
0.009680000000000001	-0.031647051336333595
0.00969	-0.030128827260413816
0.0097	-0.028431042786031785
0.009710000000000002	-0.026566082060911198
0.009720000000000001	-0.024547293037312738
0.00973	-0.022388893799955765
0.00974	-0.020105874239459868
0.00975	-0.017713893276973047
0.009760000000000001	-0.015229230190917983
0.009770000000000001	-0.01266842008134282
0.00978	-0.010048575303151695
0.00979	-0.007386955191617262
0.009800000000000001	-0.00470064429897228
0.009810000000000001	-0.0020078651075874725
0.00982	0.0006749365902746617
0.00983	0.0033303701171878055
0.009840000000000002	0.005941942924286469
0.009850000000000001	0.008493049141274616
0.00986	0.010968000563971677
0.00987	0.01335162874229023
0.009880000000000002	0.01562947951672211
0.009890000000000001	0.01778789936134813
0.0099	0.019814116091319285
0.00991	0.021696312716120908
0.00992	0.0234235825481995
0.009930000000000001	0.024986551888196824
0.009940000000000001	0.02637630813534623
0.00995	0.027585499568942455
0.00996	0.02860812816798583
0.009970000000000001	0.02943916023113784
0.009980000000000001	0.03007487881521903
0.00999	0.030512966290094302
0.01	0.030752316203610356
0.010010000000000002	0.030793113416721328
0.010020000000000001	0.030636810965371516
0.01003	0.03028611005782272
0.01004	0.02974493194499983
0.010050000000000002	0.0290183822749127
0.010060000000000001	0.028112708391875598
0.01007	0.027035249156374175
0.01008	0.025794378763612406
0.01009	0.024399444187114986
0.010100000000000001	0.022860696840830075
0.010110000000000001	0.021189219270796613
0.01012	0.019396846898261183
0.01013	0.017496085954556546
0.010140000000000001	0.01550039128303658
0.010150000000000001	0.013422258940388008
0.01016	0.011276755967072102
0.01017	0.009077843875841998
0.010180000000000002	0.006840068979865501
0.010190000000000001	0.004578025249872385
0.0102	0.0023063869170335165
0.01021	0.000039787754519137636
0.010220000000000002	-0.002207344088053703
0.010230000000000001	-0.004420809152179141
0.01024	-0.006586750436449636
0.01025	-0.008691735765828284
0.01026	-0.010722839815330242
0.010270000000000001	-0.012667722413466418
0.010280000000000001	-0.0145147024274428
0.01029	-0.01625282677220835
0.0103	-0.01787193408044473
0.010310000000000001	-0.019362712873809716
0.010320000000000001	-0.020716753762657258
0.01033	-0.021926584657813785
0.01034	-0.022985778746271765
0.010350000000000002	-0.02388799343743913
0.010360000000000001	-0.024631380210798755
0.01037	-0.02520994086739585
0.01038	-0.02562242895196666
0.010390000000000002	-0.025867592946961664
0.010400000000000001	-0.02594533101594099
0.01041	-0.025856612919926154
0.01042	-0.02560278422857616
0.01043	-0.025188262117998406
0.010440000000000001	-0.02461712222290862
0.010450000000000001	-0.023893028829045596
0.01046	-0.023022631094249034
0.01047	-0.02201277772552511
0.010480000000000001	-0.02087114915292394
0.010490000000000001	-0.01960634099007517
0.0105	-0.018227303366115253
0.01051	-0.016743859185067645
0.010520000000000002	-0.015166321721470337
0.010530000000000001	-0.01350593483177242
0.01054	-0.011773877377230181
0.01055	-0.009981852770601391
0.010560000000000002	-0.00814184468628235
0.010570000000000001	-0.006266037899762356
0.01058	-0.0043667386073958595
0.01059	-0.0024562946054903657
0.0106	-0.0005470159952200216
0.010610000000000001	0.0013489096478474824
0.010620000000000001	0.003219477113294412
0.01063	0.005052950162933094
0.01064	0.00683793600975808
0.010650000000000001	0.008563452601481348
0.010660000000000001	0.010218995245926942
0.01067	0.011794599661689628
0.01068	0.013280900890507246
0.010690000000000002	0.014669188011397332
0.010700000000000001	0.01595145397124375
0.01071	0.017120440692005003
0.01072	0.018169678819574264
0.010730000000000002	0.019093522245904736
0.010740000000000001	0.019887176763505557
0.010750000000000001	0.020546767947816486
0.01076	0.02106918913482504
0.01077	0.021452351509470058
0.010780000000000001	0.02169504126985264
0.010790000000000001	0.02179695422857184
0.0108	0.021758689392482725
0.01081	0.021581736928135583
0.010820000000000001	0.021268460864681416
0.010830000000000001	0.020822076235029352
0.01084	0.020246415346223706
0.01085	0.019546671538827432
0.010860000000000002	0.01872832168804294
0.010870000000000001	0.017797788007023016
0.01088	0.01676163072543827
0.01089	0.015627610625962105
0.010900000000000002	0.014403849020840432
0.010910000000000001	0.013098968788555203
0.010920000000000001	0.011722034681155317
0.01093	0.010282491382143094
0.01094	0.00879009983869195
0.010950000000000001	0.007254871715784316
0.010960000000000001	0.005687003338609177
0.01097	0.004096808617488193
0.01098	0.0024946482338286486
0.010990000000000002	0.0008908814893659354
0.011000000000000001	-0.0007042316028668794
0.01101	-0.0022805720198483025
0.01102	-0.0038282312990021252
0.011030000000000002	-0.005337573042269158
0.011040000000000001	-0.006799305867248019
0.01105	-0.008204487419297196
0.01106	-0.009544652821752639
0.011070000000000002	-0.010811817811369195
0.011080000000000001	-0.01199853666640224
0.011090000000000001	-0.013097944779881123
0.0111	-0.014103797744025395
0.01111	-0.015010505126593483
0.011120000000000001	-0.0158131610382946
0.011130000000000001	-0.016507568869675117
0.01114	-0.017090261980894465
0.01115	-0.017558630170832763
0.011160000000000002	-0.01791050052366143
0.011170000000000001	-0.018144631303222327
0.01118	-0.018260843051007128
0.01119	-0.018259331330870224
0.011200000000000002	-0.018141188802998528
0.011210000000000001	-0.017908178698583622
0.01122	-0.017562842889239157
0.01123	-0.017108400504294553
0.011240000000000002	-0.016548701198361646
0.011250000000000001	-0.015888346087706968
0.011260000000000001	-0.015132428334546488
0.01127	-0.014286641867823741
0.01128	-0.013357203963780075
0.011290000000000001	-0.012350810857877816
0.011300000000000001	-0.011274590400276906
0.01131	-0.010136052616323455
0.01132	-0.008943038434724632
0.011330000000000002	-0.0077036658432840304
0.011340000000000001	-0.0064262771779744045
0.01135	-0.005119380266510474
0.01136	-0.0037915970790788974
0.011370000000000002	-0.0024516038704691686
0.011380000000000001	-0.00110807619225657
0.01139	0.0002303637377789889
0.0114	0.0015552062817405902
0.011410000000000002	0.0028581059001607165
0.011420000000000001	0.004130943659110899
0.011430000000000001	0.005365809671070796
0.01144	0.006555252009840242
0.01145	0.007691988166781981
0.011460000000000001	0.008769144855996563
0.011470000000000001	0.009780721964241556
0.01148	0.010720504849905861
0.01149	0.011583252570412643
0.011500000000000002	0.01236414990705221
0.011510000000000001	0.013058948948606356
0.01152	0.013663990628695284
0.01153	0.01417622348791954
0.011540000000000002	0.014593216898449845
0.011550000000000001	0.014913172092604263
0.01156	0.015134926637979754
0.01157	0.01525796446134783
0.011580000000000002	0.015282393760489227
0.011590000000000001	0.01520895256678484
0.011600000000000001	0.01503896216314754
0.01161	0.014774458385046018
0.01162	0.014417963510328426
0.011630000000000001	0.01397259494663394
0.011640000000000001	0.013442011091517648
0.01165	0.012830380439341966
0.01166	0.012142407505267993
0.011670000000000002	0.011383094036695997
0.011680000000000001	0.01055789432781141
0.01169	0.009672844648681202
0.0117	0.008734132694046125
0.011710000000000002	0.007748148166516732
0.011720000000000001	0.006721602912344529
0.01173	0.005661560701111676
0.01174	0.004575042142306812
0.011750000000000002	0.0034692351140158634
0.011760000000000001	0.0023513819052269317
0.011770000000000001	0.0012287427135354862
0.01178	0.00010853746413457762
0.01179	-0.0010020957500578357
0.011800000000000001	-0.0020961752165626884
0.011810000000000001	-0.0031668138643097293
0.01182	-0.004207363533697705
0.01183	-0.005211513999771819
0.011840000000000002	-0.006173151577305729
0.011850000000000001	-0.007086519379880017
0.01186	-0.007946222127434947
0.01187	-0.008747256971554233
0.011880000000000002	-0.0094850423500315
0.011890000000000001	-0.010155443311086658
0.0119	-0.010754792972053761
0.01191	-0.01127991410704186
0.011920000000000002	-0.01172813832498415
0.011930000000000001	-0.012097290208751338
0.011940000000000001	-0.0123857568263653
0.01195	-0.012592436802035915
0.01196	-0.012716687847910357
0.011970000000000001	-0.012758577036576894
0.011980000000000001	-0.012718557874753877
0.01199	-0.012597779555343249
0.012	-0.012397442716387376
0.012010000000000002	-0.01211971015191892
0.012020000000000001	-0.011767257753504958
0.01203	-0.011342787841642641
0.01204	-0.010849757673586834
0.012050000000000002	-0.01029195173880002
0.012060000000000001	-0.009673532508533842
0.01207	-0.008999012920135378
0.01208	-0.00827322252904827
0.012090000000000002	-0.007501274216212445
0.012100000000000001	-0.006688528929898462
0.012110000000000001	-0.005840566704353137
0.01212	-0.004963111924177468
0.01213	-0.0040620600584673604
0.012140000000000001	-0.003143391072744354
0.012150000000000001	-0.0022131391030401947
0.01216	-0.0012773574837939485
0.01217	-0.00034207879938394684
0.012180000000000002	0.0005867259697263793
0.012190000000000001	0.00150317967788505
0.0122	0.0024015376655368535
0.01221	0.0032762084787667893
0.012220000000000002	0.004121862061659853
0.012230000000000001	0.004933337050924027
0.012240000000000001	0.005705766914743135
0.01225	0.006434563050912735
0.012260000000000002	0.007115437662696042
0.012270000000000001	0.007744570569615328
0.012280000000000001	0.008318378381748832
0.01229	0.008833706775079048
0.0123	0.00928780457553165
0.012310000000000001	0.009678337662885067
0.012320000000000001	0.01000339999416202
0.01233	0.010261521854662559
0.01234	0.010451674630642055
0.012350000000000002	0.010573275899023696
0.012360000000000001	0.010626185009930053
0.01237	0.010610702635530139
0.01238	0.010527564012526913
0.012390000000000002	0.010377930255135942
0.012400000000000001	0.010163376968245418
0.012410000000000001	0.009885980202626371
0.01242	0.009547883859476837
0.012430000000000002	0.009151929826145457
0.012440000000000001	0.008701188984384982
0.012450000000000001	0.008199053892388201
0.01246	0.007649214154328114
0.01247	0.007055629878668327
0.012480000000000002	0.006422503861444902
0.012490000000000001	0.00575425245104815
0.0125	0.005055491500983207
0.01251	0.0043309403974224146
0.012520000000000002	0.003585495277988592
0.012530000000000001	0.0028240942185381677
0.01254	0.0020517690950046965
0.01255	0.0012735541868909709
0.012560000000000002	0.0004944787449125858
0.012570000000000001	-0.0002804694571059832
0.012580000000000001	-0.00104637533317936
0.01259	-0.001798409607581412
0.012600000000000002	-0.002531949804581935
0.012610000000000001	-0.003242394797428995
0.012620000000000001	-0.003925496053913071
0.01263	-0.004577116560108528
0.01264	-0.005193383521328367
0.012650000000000002	-0.005770699933640331
0.012660000000000001	-0.006305729825078671
0.01267	-0.006795453183988997
0.01268	-0.007237164385300616
0.012690000000000002	-0.007628546953209336
0.012700000000000001	-0.007967454550562901
0.01271	-0.008252268743874216
0.01272	-0.0084816801466758
0.012730000000000002	-0.00865474127658459
0.012740000000000001	-0.008770874857685995
0.012750000000000001	-0.00882988732337926
0.01276	-0.008831913367115076
0.012770000000000002	-0.00877748623773794
0.012780000000000001	-0.00866748437437379
0.012790000000000001	-0.00850313328755165
0.0128	-0.008285994552218167
0.01281	-0.00801795624458722
0.012820000000000002	-0.007701205551010429
0.012830000000000001	-0.00733821917024613
0.01284	-0.006931765203569565
0.01285	-0.006484835345439969
0.012860000000000002	-0.0060006901863221725
0.012870000000000001	-0.005482762216626727
0.01288	-0.004934708814669941
0.01289	-0.004360259590956381
0.012900000000000002	-0.0037633388729778595
0.012910000000000001	-0.003148026147897501
0.012920000000000001	-0.002518401100599972
0.01293	-0.0018786233668479423
0.012940000000000002	-0.0012328777821877552
0.012950000000000001	-0.0005853485032454573
0.012960000000000001	0.000059808619719990406
0.01297	0.0006984917442991122
0.01298	0.0013266797800261772
0.012990000000000002	0.0019404565056522513
0.013000000000000001	0.002536034840551063
0.01301	0.0031097798606232025
0.01302	0.003658236986155598
0.013030000000000002	0.004178128435129061
0.013040000000000001	0.004666406090740199
0.01305	0.005120268571319466
0.01306	0.005537077723580261
0.013070000000000002	0.005914582415667212
0.013080000000000001	0.006250671270036515
0.013090000000000001	0.006543737005075545
0.0131	0.006792164271873582
0.013110000000000002	0.006994838340369902
0.013120000000000001	0.0071508966443079285
0.013130000000000001	0.007259783288975953
0.01314	0.007321242610935074
0.01315	0.00733533476893505
0.013160000000000002	0.0073024470443666415
0.013170000000000001	0.007223197078455125
0.01318	0.007098543879716763
0.01319	0.0069297064777070795
0.013200000000000002	0.006718197848960297
0.013210000000000001	0.006465768320791246
0.01322	0.0061744203072000995
0.01323	0.005846385471139109
0.013240000000000002	0.005484109495926412
0.013250000000000001	0.005090229385087735
0.013260000000000001	0.004667572874787136
0.01327	0.004219105224026555
0.013280000000000002	0.0037479420025377575
0.013290000000000001	0.0032573102980087624
0.013300000000000001	0.002750531307089854
0.01331	0.0022309978846686437
0.01332	0.0017021521651670978
0.013330000000000002	0.0011674858208362273
0.013340000000000001	0.0006304039474415445
0.01335	0.00009443013419065855
0.01336	-0.00043704271127028817
0.013370000000000002	-0.0009606605979972522
0.013380000000000001	-0.0014731511608668487
0.01339	-0.001971344743045105
0.0134	-0.0024521931932759557
0.013410000000000002	-0.0029127828350575674
0.013420000000000001	-0.0033503777880169324
0.013430000000000001	-0.0037623880466707183
0.01344	-0.00414642679934294
0.013450000000000002	-0.004500303418372796
0.013460000000000001	-0.004822047711199857
0.013470000000000001	-0.005109908523526181
0.01348	-0.005362369323267052
0.01349	-0.005578154370203637
0.013500000000000002	-0.005756234646428605
0.013510000000000001	-0.005895831998194826
0.01352	-0.005996421961482478
0.01353	-0.006057733553675499
0.013540000000000002	-0.006079749376171617
0.013550000000000001	-0.006062711747482767
0.013560000000000001	-0.006007091480159295
0.01357	-0.00591361997996245
0.013580000000000002	-0.005783255513878331
0.013590000000000001	-0.005617184227682319
0.013600000000000001	-0.005416809440045209
0.01361	-0.005183558501016842
0.013620000000000002	-0.004919609427469433
0.013630000000000001	-0.004626905463505219
0.013640000000000001	-0.004307274614253574
0.01365	-0.003963183089017466
0.01366	-0.003597065166755393
0.013670000000000002	-0.00321147103021585
0.013680000000000001	-0.0028090601361566775
0.01369	-0.0023925427710827602
0.0137	-0.0019647397774133326
0.013710000000000002	-0.0015284860178742827
0.013720000000000001	-0.0010866520891863645
0.013730000000000001	-0.0006421126257708963
0.01374	-0.00019773766379409664
0.013750000000000002	0.0002436345323419489
0.013760000000000001	0.0006792118008170811
0.013770000000000001	0.0011062656527457968
0.01378	0.001522148296451715
0.013790000000000002	0.001924308794729062
0.013800000000000002	0.0023103085194632112
0.013810000000000001	0.002677833579798138
0.01382	0.003024715926283603
0.01383	0.0033489365729026835
0.013840000000000002	0.003648638416194881
0.013850000000000001	0.003922142943576274
0.01386	0.004167953503070511
0.01387	0.004384765655018735
0.013880000000000002	0.004571472617828606
0.013890000000000001	0.00472717073539343
0.013900000000000001	0.004851265639106183
0.01391	0.004942959336244548
0.013920000000000002	0.005002293346501431
0.013930000000000001	0.00502908756473557
0.013940000000000001	0.0050234662725616745
0.01395	0.004985842454483078
0.013960000000000002	0.004916700527614964
0.013970000000000002	0.004816807578241013
0.013980000000000001	0.00468709908878814
0.01399	0.00452869130843483
0.014	0.00434287359898106
0.014010000000000002	0.0041310977792869815
0.014020000000000001	0.003894967690257639
0.01403	0.003636228663386765
0.01404	0.003356752980794183
0.014050000000000002	0.0030585264024764105
0.014060000000000001	0.0027436360059454154
0.014070000000000001	0.002414254896824346
0.01408	0.00207262981741254
0.014090000000000002	0.001721063998301793
0.014100000000000001	0.0013618942669352582
0.014110000000000001	0.0009974971450183161
0.01412	0.00063024892958956
0.014130000000000002	0.0002625250314241654
0.014140000000000002	-0.0001033195424590663
0.014150000000000001	-0.00046495919706121276
0.01416	-0.0008201320287645407
0.01417	-0.001166635469451038
0.014180000000000002	-0.001502323034904898
0.014190000000000001	-0.0018251635420865006
0.0142	-0.0021332215253882045
0.01421	-0.0024246443141017725
0.014220000000000002	-0.002697762069652387
0.014230000000000001	-0.0029509949745088865
0.014240000000000001	-0.0031829161839305436
0.01425	-0.003392251318886831
0.014260000000000002	-0.003577880636957531
0.014270000000000001	-0.003738841881243097
0.014280000000000001	-0.003874357210972281
0.01429	-0.003983803683523919
0.014300000000000002	-0.004066729194171224
0.014310000000000002	-0.004122862977217017
0.014320000000000001	-0.004152106874356985
0.01433	-0.0041545349126704675
0.01434	-0.004130391850103445
0.014350000000000002	-0.004080089936191437
0.014360000000000001	-0.004004203855636996
0.01437	-0.003903468646852989
0.01438	-0.0037787688546125743
0.014390000000000002	-0.0036311366750547947
0.014400000000000001	-0.0034617564733971664
0.014410000000000001	-0.003271875105771822
0.01442	-0.0030629328642155238
0.014430000000000002	-0.002836438840359711
0.014440000000000001	-0.0025940382008417385
0.014450000000000001	-0.002337422929802809
0.01446	-0.0020683511387008663
0.014470000000000002	-0.0017887041456424333
0.014480000000000002	-0.0015003387450093413
0.014490000000000001	-0.0012051931049882627
0.0145	-0.0009052197291262961
0.01451	-0.0006023831219502309
0.014520000000000002	-0.0002986464850049804
0.014530000000000001	4.039904618480221e-6
0.01454	0.00030375148433768357
0.01455	0.0005986016047136703
0.014560000000000002	0.0008867510575304959
0.014570000000000001	0.0011664292470827575
0.014580000000000001	0.00143592525688913
0.01459	0.0016936178539560393
0.014600000000000002	0.0019379750315974891
0.014610000000000001	0.002167564919328477
0.014620000000000001	0.0023810636009170953
0.01463	0.0025772644725482337
0.014640000000000002	0.002755076495690235
0.014650000000000002	0.002913552108372901
0.014660000000000001	0.0030518677981584757
0.01467	0.0031693243311199048
0.01468	0.0032653832804897904
0.014690000000000002	0.003339625352957363
0.014700000000000001	0.0033918146950598347
0.01471	0.0034218202470659674
0.01472	0.0034296669777491282
0.014730000000000002	0.0034155212527555235
0.014740000000000001	0.0033797028194697885
0.014750000000000001	0.0033226225456704805
0.01476	0.003244868644658849
0.014770000000000002	0.0031471395198191116
0.014780000000000001	0.0030302601589605044
0.014790000000000001	0.0028951572968446034
0.0148	0.002742876224491928
0.014810000000000002	0.0025745621659304264
0.014820000000000002	0.0023914412170568597
0.014830000000000001	0.002194831447230838
0.01484	0.001986121588568084
0.01485	0.001766760013802572
0.014860000000000002	0.0015382615480842336
0.014870000000000001	0.0013021721022901315
0.01488	0.0010600750549976889
0.01489	0.0008135766835812954
0.014900000000000002	0.0005643037258950956
0.014910000000000001	0.00031385271648596045
0.014920000000000001	0.00006385959555043606
0.01493	-0.0001840899771471557
0.014940000000000002	-0.0004284329177796339
0.014950000000000001	-0.0006676375733636752
0.014960000000000001	-0.0009002319183658335
0.01497	-0.0011247914133944298
0.014980000000000002	-0.0013399603339857792
0.014990000000000002	-0.00154445367794062
0.015000000000000001	-0.0017370702275276073
0.01501	-0.0019166954145436958
0.01502	-0.0020823086801709145
0.015030000000000002	-0.002232989057356684
0.015040000000000001	-0.002367920096113878
0.015050000000000001	-0.0024863940566182143
0.01506	-0.002587805176424393
0.015070000000000002	-0.002671692463160604
0.015080000000000001	-0.0027376801135852585
0.015090000000000001	-0.002785527165595864
0.0151	-0.0028151037766831156
0.015110000000000002	-0.0028264005579575376
0.015120000000000001	-0.0028195250865742706
0.015130000000000001	-0.0027947000641986674
0.01514	-0.0027522607564826294
0.015150000000000002	-0.0026926523854794355
0.015160000000000002	-0.002616423252420458
0.015170000000000001	-0.002524225233544129
0.01518	-0.002416808115339466
0.01519	-0.0022950034310197137
0.015200000000000002	-0.0021597317044529584
0.015210000000000001	-0.002011991907576392
0.015220000000000001	-0.0018528505608464403
0.01523	-0.0016834298889353615
0.015240000000000002	-0.0015049288802334968
0.015250000000000001	-0.0013185720804604663
0.015260000000000001	-0.0011256244334997337
0.01527	-0.0009273962025536667
0.015280000000000002	-0.0007251872099849838
0.015290000000000002	-0.0005203319936758836
0.015300000000000001	-0.00031417870058427383
0.01531	-0.00010805200649562461
0.015320000000000002	0.00009673104786844412
0.015330000000000002	0.00029887230915568884
0.015340000000000001	0.0004971116118717053
0.01535	0.0006902158957752108
0.015360000000000002	0.0008770096460318584
0.015370000000000002	0.0010563490437490624
0.015380000000000001	0.0012271668792947503
0.015390000000000001	0.0013884555447379932
0.0154	0.0015392783031731143
0.015410000000000002	0.0016787746636646205
0.015420000000000001	0.0018061653448185459
0.015430000000000001	0.0019207554002901935
0.01544	0.0020219389345008235
0.015450000000000002	0.0021092017509672777
0.015460000000000002	0.002182123712034205
0.015470000000000001	0.002240380507947709
0.01548	0.0022837447857815673
0.015490000000000002	0.00231209439152834
0.015500000000000002	0.0023253734705719767
0.015510000000000001	0.002323669269177229
0.01552	0.0023073042629655326
0.015530000000000002	0.0022760191756788996
0.015540000000000002	0.002230665978887284
0.015550000000000001	0.0021715087174254094
0.015560000000000001	0.0020990607236344894
0.01557	0.002013914074218504
0.015580000000000002	0.0019167262790334854
0.015590000000000001	0.0018082711699978916
0.015600000000000001	0.0016893355513240334
0.01561	0.0015607834200763743
0.015620000000000002	0.0014235316950632247
0.01563	0.0012785438359637252
0.01564	0.0011268385832948976
0.01565	0.0009694187083676452
0.01566	0.0008073652155076676
0.01567	0.0006417599095331163
0.015680000000000003	0.00047369656785402494
0.015690000000000003	0.0003042727350162532
0.015700000000000002	0.0001345876644897554
0.015710000000000002	-0.00003427333076741046
0.01572	-0.00020123913978993026
0.01573	-0.000365261406313236
0.01574	-0.0005253210046515456
0.01575	-0.0006804342669952053
0.01576	-0.0008296589149600042
0.015770000000000003	-0.0009720996759619803
0.015780000000000002	-0.0011069135377996223
0.015790000000000002	-0.0012333146183579004
0.0158	-0.0013506075002310506
0.01581	-0.0014580640450959886
0.01582	-0.0015551475692280894
0.01583	-0.0016413281680245455
0.01584	-0.0017161633720941254
0.015850000000000003	-0.0017792876567107455
0.015860000000000003	-0.0018304139840825686
0.015870000000000002	-0.0018693192874808162
0.015880000000000002	-0.0018959088003355027
0.01589	-0.0019101167433552221
0.0159	-0.0019119782188183442
0.01591	-0.0019016153900751434
0.01592	-0.0018791932929941085
0.01593	-0.0018449834330097063
0.015940000000000003	-0.0017993252123303448
0.015950000000000002	-0.0017426021290508915
0.015960000000000002	-0.0016753301937817357
0.01597	-0.0015980275886742505
0.01598	-0.0015112782583859492
0.01599	-0.0014157356978684648
0.016	-0.0013120981455702783
0.01601	-0.0012011050623090228
0.016020000000000003	-0.0010835311308223848
0.016030000000000003	-0.0009602234459323653
0.016040000000000002	-0.000832022103198213
0.016050000000000002	-0.0006997650293226178
0.01606	-0.0005643541450009533
0.01607	-0.00042664786114487795
0.01608	-0.0002876518337836827
0.01609	-0.0001481970966872832
0.0161	-9.171092833276432e-6
0.016110000000000003	0.00012852611982587587
0.016120000000000002	0.0002640276903280202
0.016130000000000002	0.0003964894588133799
0.01614	0.0005250951265707357
0.01615	0.0006490611986202752
0.01616	0.0007676437569706503
0.01617	0.0008801350681498718
0.01618	0.0009858741780060692
0.016190000000000003	0.001084259459904129
0.016200000000000003	0.001174732825153757
0.016210000000000002	0.0012568037201036977
0.016220000000000002	0.001330015968395309
0.01623	0.001394020574435652
0.01624	0.0014484308283202291
0.01625	0.001493064317097981
0.01626	0.0015277104176314132
0.01627	0.0015522495056601814
0.016280000000000003	0.0015666178387536702
0.016290000000000002	0.0015708439903550503
0.016300000000000002	0.0015649809445978432
0.01631	0.00154917585652272
0.01632	0.0015236291472819896
0.01633	0.0014886030274988424
0.01634	0.0014444148225191957
0.01635	0.0013914368063419663
0.016360000000000003	0.0013300985999552444
0.016370000000000003	0.0012608748217840008
0.016380000000000002	0.0011842888708172427
0.016390000000000002	0.0011009001418163346
0.0164	0.0010113099331257773
0.01641	0.000916156779077089
0.01642	0.0008161023323797627
0.01643	0.0007118351837579417
0.01644	0.0006040639626674649
0.016450000000000003	0.0004935144732462723
0.016460000000000002	0.0003809167603550108
0.016470000000000002	0.00026700544640157
0.01648	0.00015254554902193395
0.01649	0.0000382522642199821
0.0165	-0.00007513920740684464
0.01651	-0.00018691316648073426
0.01652	-0.00029637203057595744
0.016530000000000003	-0.0004028524607667079
0.016540000000000003	-0.0005056617624144088
0.016550000000000002	-0.0006042219840822287
0.016560000000000002	-0.0006979317306909066
0.01657	-0.0007862393531630334
0.01658	-0.0008686387190175681
0.01659	-0.0009446590634254578
0.0166	-0.0010138793825585817
0.01661	-0.0010759255441542292
0.016620000000000003	-0.00113047085642555
0.016630000000000002	-0.0011772450806618825
0.016640000000000002	-0.0012160297756459483
0.01665	-0.001246651767094764
0.01666	-0.0012689995414353937
0.01667	-0.0012830163512078693
0.01668	-0.0012886876120827926
0.01669	-0.0012860875735284855
0.016700000000000003	-0.0012752816911479055
0.016710000000000003	-0.0012564344436109764
0.016720000000000002	-0.0012297115996973986
0.016730000000000002	-0.001195436508106734
0.01674	-0.0011538611370242994
0.01675	-0.001105330406677029
0.01676	-0.0010502212899216965
0.01677	-0.0009889606788887066
0.01678	-0.0009219966150781421
0.016790000000000003	-0.0008498144344005129
0.016800000000000002	-0.0007729279646162216
0.016810000000000002	-0.0006918768436698569
0.01682	-0.0006072149387709656
0.01683	-0.0005195287896407931
0.01684	-0.00042940577098148796
0.01685	-0.0003374464567078284
0.01686	-0.0002442571065163976
0.016870000000000003	-0.00015044546919538597
0.016880000000000003	-0.0000566182127803191
0.016890000000000002	0.000036625624058838645
0.016900000000000002	0.00012869558441757262
0.01691	0.00021901576748761258
0.01692	0.000307025731533927
0.01693	0.0003921873019646445
0.01694	0.0004739788123308834
0.01695	0.0005519189207972817
0.016960000000000003	0.0006255459290130272
0.016970000000000002	0.0006944271518514568
0.016980000000000002	0.0007581863756911339
0.01699	0.0008164520259441949
0.017	0.0008689123852863538
0.01701	0.0009152907699648367
0.01702	0.0009553740122536879
0.01703	0.0009889239882432737
0.017040000000000003	0.0010158185668801836
0.017050000000000003	0.0010359566188419967
0.017060000000000002	0.0010492618862495264
0.017070000000000002	0.0010557291471572695
0.01708	0.0010553896472736608
0.01709	0.0010483033675631988
0.0171	0.001034593532850081
0.01711	0.0010144086341551772
0.01712	0.0009879420441854234
0.017130000000000003	0.000955434276208881
0.017140000000000002	0.0009171493829965931
0.017150000000000002	0.0008733904020474674
0.01716	0.0008244920581384763
0.01717	0.0007708203545313638
0.01718	0.0007127626111992802
0.01719	0.0006506283193405912
0.0172	0.0005851804488791389
0.017210000000000003	0.0005165481242639564
0.017220000000000003	0.0004453092850953332
0.017230000000000002	0.0003719453757046473
0.017240000000000002	0.00029694724824248434
0.01725	0.0002208100338897566
0.01726	0.00014403187697476218
0.01727	0.00006710998927225614
0.01728	-9.462426131908025e-6
0.01729	-0.00008519911165499589
0.017300000000000003	-0.00015962385539245648
0.017310000000000002	-0.00023227606971780004
0.017320000000000002	-0.000302707555700058
0.01733	-0.00037049122998981417
0.01734	-0.0004352206782407399
0.01735	-0.0004965131311195199
0.01736	-0.0005539963761276362
0.01737	-0.0006073901657479091
0.017380000000000003	-0.000656344307524392
0.017390000000000003	-0.00070060803952634
0.017400000000000002	-0.0007399459573104266
0.017410000000000002	-0.0007741565385357604
0.01742	-0.000803066266744173
0.01743	-0.0008265571068354678
0.01744	-0.0008445353764654157
0.01745	-0.0008569261624690699
0.01746	-0.000863715618192224
0.017470000000000003	-0.0008649148813142627
0.017480000000000002	-0.0008605884548856568
0.017490000000000002	-0.0008507934833941248
0.0175	-0.0008356579890698067
0.01751	-0.0008153348916785526
0.01752	-0.0007900167249659226
0.01753	-0.000759903998667309
0.01754	-0.0007252406923968638
0.017550000000000003	-0.0006862945035991738
0.017560000000000003	-0.0006433578324997642
0.017570000000000002	-0.0005967431509294726
0.017580000000000002	-0.0005467906602183035
0.01759	-0.0004938499955994686
0.0176	-0.00043829340947158996
0.01761	-0.00038049903404196376
0.01762	-0.00032085951298086406
0.01763	-0.00025977774217370735
0.017640000000000003	-0.0001976544780621128
0.017650000000000002	-0.00013489939935246365
0.017660000000000002	-0.0000719200469386655
0.01767	-9.121222671462518e-6
0.01768	0.0000530973227366229
0.01769	0.00011434188312861487
0.0177	0.00017423406241023735
0.01771	0.00023240385358532916
0.017720000000000003	0.0002884970087521547
0.017730000000000003	0.0003421832780389725
0.017740000000000002	0.0003931320574597899
0.017750000000000002	0.0004410501499965255
0.01776	0.00048565446957245473
0.01777	0.0005267068133754274
0.01778	0.0005639755492162668
0.01779	0.0005972610211049241
0.0178	0.0006263988760941769
0.017810000000000003	0.0006512389293045473
0.017820000000000003	0.0006716462077754543
0.017830000000000002	0.0006875635489544959
0.01784	0.0006989263483060083
0.01785	0.0007057044124974496
0.01786	0.00070790498772559
0.01787	0.0007055592979295447
0.01788	0.000698728609540163
0.017890000000000003	0.0006875022412498863
0.017900000000000003	0.0006720068637915211
0.017910000000000002	0.0006523662511000535
0.017920000000000002	0.0006287960838587606
0.01793	0.0006013691239521623
0.01794	0.0005704174036562877
0.01795	0.0005361199256528274
0.01796	0.0004987606897449342
0.01797	0.000458595000036914
0.017980000000000003	0.0004159082103827768
0.017990000000000003	0.00037098128234396157
0.018000000000000002	0.00032417671598213054
0.01801	0.00027576255107775367
0.01802	0.00022607708955366598
0.01803	0.00017545419554389313
0.01804	0.00012422670679987943
0.01805	0.00007272821471169546
0.018060000000000003	0.00002129062990475799
0.018070000000000003	-0.000029757923418037954
0.018080000000000002	-0.00008009617426670746
0.018090000000000002	-0.00012940844425940129
0.0181	-0.00017739244441434125
0.01811	-0.0002237514414553815
0.01812	-0.0002682026220696419
0.01813	-0.00031048837942123525
0.01814	-0.000350357831114073
0.018150000000000003	-0.00038758090914466705
0.018160000000000003	-0.0004219605322905275
0.018170000000000002	-0.0004532788666089648
0.01818	-0.00048138389254095303
0.01819	-0.0005061142622035188
0.0182	-0.0005273669476218273
0.01821	-0.0005450323520790241
0.01822	-0.0005590342221714973
0.018230000000000003	-0.0005693389793656411
0.018240000000000003	-0.0005758832306339499
0.018250000000000002	-0.0005786780832638081
0.018260000000000002	-0.0005777475333428109
0.01827	-0.0005731343292989524
0.01828	-0.0005649056161116984
0.01829	-0.0005531509682750245
0.0183	-0.0005379815824124017
0.01831	-0.000519527785815953
0.018320000000000003	-0.0004979455472802118
0.018330000000000003	-0.0004734060862577292
0.018340000000000002	-0.0004460825472618916
0.01835	-0.0004161946903548532
0.01836	-0.0003839525455262033
0.01837	-0.0003495862392937048
0.01838	-0.0003133371434586816
0.01839	-0.00027545398213964874
0.018400000000000003	-0.0002361993186197273
0.018410000000000003	-0.00019583368368864798
0.018420000000000002	-0.00015463416967515038
0.018430000000000002	-0.0001128683646585026
0.01844	-0.00007080907617222473
0.01845	-0.000028727600898767066
0.01846	0.000013106249287079924
0.01847	0.00005442786323378905
0.01848	0.00009497838817730864
0.018490000000000003	0.00013450655191478197
0.018500000000000003	0.00017277019139824807
0.018510000000000002	0.00020953770792081337
0.018520000000000002	0.00024458943887508083
0.01853	0.00027771894101849873
0.01854	0.00030873417152605574
0.01855	0.0003374568929929469
0.01856	0.0003637306620022666
0.018570000000000003	0.00038736231858538283
0.018580000000000003	0.0004083720333044401
0.018590000000000002	0.0004265095966112043
0.018600000000000002	0.00044173464903424524
0.01861	0.0004539741055821297
0.01862	0.0004631917598318419
0.01863	0.0004693744357973037
0.01864	0.00047247575259064717
0.01865	0.00047252592802606355
0.018660000000000003	0.0004695559385735292
0.018670000000000003	0.000463615746916169
0.018680000000000002	0.0004547737819294897
0.018690000000000002	0.0004431198772688653
0.0187	0.000428749779273305
0.01871	0.0004117908092034571
0.01872	0.00039235420911081604
0.01873	0.0003706268187779381
0.018740000000000003	0.00034675418287986577
0.018750000000000003	0.00032091070506770874
0.018760000000000002	0.00029328180573851963
0.018770000000000002	0.00026406241492570693
0.01878	0.00023345590710743185
0.01879	0.0002016717736431316
0.0188	0.0001689252577481209
0.01881	0.00013543553684071472
0.01882	0.00010142486721539403
0.018830000000000003	0.00006711449270585322
0.018840000000000003	0.00003272783099525481
0.018850000000000002	-1.5145478632856065e-6
0.018860000000000002	-0.000035395265933138075
0.01887	-0.00006870149451992764
0.01888	-0.00010122626784082154
0.01889	-0.0001327697453404068
0.0189	-0.00016314310530165212
0.018910000000000003	-0.00019215946222319536
0.018920000000000003	-0.0002196493800548316
0.018930000000000002	-0.0002454482461311348
0.018940000000000002	-0.0002694176565084172
0.01895	-0.00029141887857114253
0.01896	-0.0003113315344253077
0.01897	-0.000329053909321763
0.01898	-0.00034448823407269395
0.01899	-0.00035756111844704324
0.019000000000000003	-0.00036821544890099556
0.019010000000000003	-0.00037640608041517514
0.019020000000000002	-0.00038210689931139586
0.019030000000000002	-0.00038530708331934414
0.01904	-0.0003860119106807502
0.01905	-0.000384242557652555
0.01906	-0.0003800358028722206
0.01907	-0.00037344362890664784
0.019080000000000003	-0.0003645534259523892
0.019090000000000003	-0.0003533839602429665
0.019100000000000002	-0.0003400916168420724
0.019110000000000002	-0.00032476347436951393
0.01912	-0.00030751503498232136
0.01913	-0.00028847255028070036
0.01914	-0.0002677927638101207
0.01915	-0.0002456145066773024
0.01916	-0.0002220956974364085
0.019170000000000003	-0.00019740229168455306
0.019180000000000003	-0.00017169782333941632
0.019190000000000002	-0.0001451610015807536
0.019200000000000002	-0.00011797000578040008
0.01921	-0.00009030624953380139
0.01922	-0.00006234933919693093
0.01923	-0.00003428216868615062
0.01924	-6.285181538551536e-6
0.019250000000000003	0.000021462780701684203
0.019260000000000003	0.000048790891781492556
0.019270000000000002	0.00007552471532144191
0.019280000000000002	0.00010149299439399855
0.01929	0.00012654943210276668
0.0193	0.00015053896636569087
0.01931	0.0001733190020319547
0.01932	0.0001947564123139377
0.01933	0.000214728025370134
0.019340000000000003	0.0002331223646602226
0.019350000000000003	0.0002498364161114947
0.019360000000000002	0.00026477820860421763
0.019370000000000002	0.0002778770509696997
0.01938	0.00028906492973858534
0.01939	0.00029829120309620474
0.0194	0.0003055136619395542
0.01941	0.00031071016926316106
0.019420000000000003	0.0003138667463930783
0.019430000000000003	0.00031498486832211195
0.019440000000000002	0.0003140784431594085
0.019450000000000002	0.00031117417800831306
0.01946	0.0003063112785967847
0.01947	0.00029954106524816517
0.01948	0.00029092704854127616
0.01949	0.00028054051687184585
0.0195	0.0002684705145565973
0.019510000000000003	0.00025480954397058336
0.019520000000000003	0.0002396613515307053
0.019530000000000002	0.0002231381137805537
0.019540000000000002	0.0002053654758616481
0.01955	0.00018645725360613707
0.01956	0.00016655313220309778
0.01957	0.000145787362117555
0.01958	0.00012430799355035436
0.019590000000000003	0.00010225604910348768
0.019600000000000003	0.0000797791836890932
0.019610000000000002	0.0000570247109590445
0.019620000000000002	0.00003414098959245197
0.01963	0.000011275758011836342
0.01964	-0.000011425130427898853
0.01965	-0.000033813188074321155
0.01966	-0.000055755067734572926
0.01967	-0.00007712630348997365
0.019680000000000003	-0.00009777455478269146
0.019690000000000003	-0.00011758430441398335
0.019700000000000002	-0.00013643760892567675
0.019710000000000002	-0.0001542256004567649
0.01972	-0.000170842522379052
0.01973	-0.000186195628160106
0.01974	-0.0002001998565896288
0.01975	-0.00021277965200799262
0.019760000000000003	-0.00022386935093735003
0.019770000000000003	-0.000233413498784514
0.019780000000000002	-0.0002413670992822757
0.019790000000000002	-0.0002476957920432697
0.0198	-0.0002523759637134657
0.01981	-0.0002553962194600697
0.01982	-0.00025675189204937853
0.01983	-0.00025645267700485653
0.01984	-0.00025451216607368256
0.019850000000000003	-0.00025097608628868955
0.019860000000000003	-0.0002458673160859246
0.019870000000000002	-0.00023923500638005108
0.019880000000000002	-0.00023114786151601314
0.01989	-0.0002216674017694848
0.0199	-0.00021086864844035316
0.01991	-0.00019883245557410006
0.01992	-0.00018565297027262745
0.019930000000000003	-0.00017142656126336816
0.019940000000000003	-0.00015624817683733197
0.019950000000000002	-0.00014022768835928142
0.019960000000000002	-0.00012347752436784416
0.01997	-0.00010611419721422181
0.01998	-0.00008825023990753423
0.01999	-0.0000700075623383081
0.02	-0.000051506695687577036