0.	0.5
0.00001	0.4983973424766263
0.00002	0.49359974163346015
0.000030000000000000004	0.48563824412165807
0.00004	0.4745643667516453
0.00005	0.4604497564016719
0.00006000000000000001	0.44338571762480683
0.00007000000000000001	0.4234826110169934
0.00008	0.40086912698714466
0.00009	0.3756914392775484
0.0001	0.34811224538308133
0.00011	0.31830969964568534
0.00012000000000000002	0.28647624633115726
0.00013000000000000002	0.25281736173036096
0.00014000000000000001	0.21755021227792315
0.00015000000000000001	0.18090223987379353
0.00016	0.14310968019135265
0.00017	0.10441602836588966
0.00018	0.06507045829359041
0.00019	0.02532620782398766
0.0002	-0.014561060697364465
0.00021	-0.05433491345604801
0.00022	-0.0937398015563179
0.00023	-0.13252271008779215
0.00024000000000000003	-0.1704347892452157
0.00025	-0.20723295816407064
0.00026000000000000003	-0.24268146877407934
0.00027	-0.2765534230023018
0.00028000000000000003	-0.3086322310591687
0.00029	-0.33871300283667133
0.00030000000000000003	-0.3666038624941412
0.00031	-0.3921271785390083
0.00032	-0.41512070237514764
0.00033000000000000005	-0.43543860364556775
0.00034	-0.45295240148695076
0.00035000000000000005	-0.46755178180255474
0.00036	-0.47914529595273825
0.00037000000000000005	-0.4876609362299146
0.00038	-0.49304658725101935
0.00039000000000000005	-0.4952703424708872
0.0004	-0.49432069470511325
0.00041000000000000005	-0.490206590729233
0.00042	-0.48295735371912674
0.00043000000000000004	-0.4726224749322174
0.00044	-0.4592712709808216
0.00045000000000000004	-0.44299241674748885
0.00046	-0.4238933508801023
0.00047000000000000004	-0.4020995630287222
0.00048000000000000007	-0.37775376065138994
0.0004900000000000001	-0.3510149297864684
0.0005	-0.32205728929409905
0.00051	-0.29106914990434823
0.0005200000000000001	-0.25825168077042476
0.0005300000000000001	-0.2238175972485032
0.00054	-0.18798977550332938
0.00055	-0.15099980150361472
0.0005600000000000001	-0.11308646761581848
0.0005700000000000001	-0.07449422375226528
0.00058	-0.03547159422170156
0.00059	0.003730430452165416
0.0006000000000000001	0.042860014786702746
0.0006100000000000001	0.08166610379032635
0.00062	0.1199000410534459
0.00063	0.15731716909775095
0.00064	0.1936784044037402
0.0006500000000000001	0.2287517697496521
0.0006600000000000001	0.2623138830978708
0.00067	0.29415138785324574
0.00068	0.32406231481191977
0.0006900000000000001	0.351857370116246
0.0007000000000000001	0.3773611404094921
0.00071	0.4004132030661135
0.00072	0.42086914086064364
0.0007300000000000001	0.43860145126239813
0.0007400000000000001	0.453500341729724
0.00075	0.46547441419461427
0.00076	0.4744512236838125
0.0007700000000000001	0.4803777176222893
0.0007800000000000001	0.48322054834308065
0.00079	0.482966254106517
0.0008	0.47962131733684
0.0008100000000000001	0.47321208644745527
0.0008200000000000001	0.4637845773175647
0.0008300000000000001	0.4514041408283121
0.00084	0.43615501078192753
0.0008500000000000001	0.41813973052502257
0.0008600000000000001	0.3974784589624143
0.0008700000000000001	0.37430816744424183
0.00088	0.3487817293448166
0.0008900000000000001	0.32106690750458317
0.0009000000000000001	0.2913452452171449
0.0009100000000000001	0.2598108767613882
0.00092	0.22666925120887085
0.00093	0.1921357911302196
0.0009400000000000001	0.15643448509244032
0.0009500000000000001	0.11979643070532553
0.0009600000000000001	0.08245833128878396
0.00097	0.04466096134424723
0.0009800000000000002	0.006647606690828678
0.00099	-0.03133750774966797
0.001	-0.06905079399899729
0.00101	-0.10625086989524048
0.00102	-0.14270011062317703
0.00103	-0.1781661734649217
0.0010400000000000001	-0.21242348497764046
0.0010500000000000002	-0.24525468156370275
0.0010600000000000002	-0.2764519941872438
0.00107	-0.30581856880838637
0.00108	-0.33316971212655755
0.00109	-0.35833405865770535
0.0011	-0.3811546458892999
0.00111	-0.4014898955951068
0.0011200000000000001	-0.419214496026098
0.0011300000000000001	-0.4342201737118601
0.0011400000000000002	-0.4464163540122445
0.0011500000000000002	-0.4557307098249988
0.00116	-0.46210958488727444
0.00117	-0.4655183027004917
0.00118	-0.46594134752188
0.00119	-0.4633824216161688
0.0012000000000000001	-0.45786438302998594
0.0012100000000000001	-0.44942905283768164
0.0012200000000000002	-0.43813690787275816
0.0012300000000000002	-0.4240666487092181
0.00124	-0.40731465192169847
0.00125	-0.3879943125176666
0.00126	-0.36623527401631234
0.00127	-0.3421825580043824
0.00128	-0.31599559575494346
0.0012900000000000001	-0.2878471688401124
0.0013000000000000002	-0.25792226488214753
0.0013100000000000002	-0.22641685986346366
0.0013200000000000002	-0.19353662943565572
0.00133	-0.15949560209074984
0.00134	-0.12451476056674142
0.00135	-0.08882060308510346
0.00136	-0.052643670879940097
0.0013700000000000001	-0.016217053784352172
0.0013800000000000002	0.0202251166533403
0.0013900000000000002	0.056449177515818995
0.0014000000000000002	0.09222343839865826
0.00141	0.12731966747221662
0.00142	0.16151455302217038
0.00143	0.19459112846072782
0.00144	0.22634015333822805
0.0014500000000000001	0.2565614398473705
0.0014600000000000001	0.28506511948235297
0.0014700000000000002	0.31167283807106494
0.0014800000000000002	0.3362188742021961
0.0014900000000000002	0.35855117375623813
0.0015	0.37853229077734957
0.00151	0.3960402381511994
0.00152	0.4109692289766645
0.0015300000000000001	0.42323031633403396
0.0015400000000000001	0.4327519216897517
0.0015500000000000002	0.4394802484157727
0.0015600000000000002	0.44337958322496773
0.0015700000000000002	0.44443247656915924
0.00158	0.4426398066727388
0.00159	0.43802072485080457
0.0016	0.430612483744202
0.00161	0.42047014691001183
0.0016200000000000001	0.40766618848883684
0.0016300000000000002	0.39228997788730585
0.0016400000000000002	0.3744471582057099
0.0016500000000000002	0.3542589209954667
0.0016600000000000002	0.3318611861885615
0.00167	0.3074036810440846
0.00168	0.2810489410369971
0.00169	0.25297122738265937
0.0017000000000000001	0.22335537146488635
0.0017100000000000001	0.1923955562235458
0.0017200000000000002	0.1602940384743067
0.0017300000000000002	0.12725982496730678
0.0017400000000000002	0.09350730784782142
0.00175	0.05925486971464855
0.00176	0.02472346671030784
0.00177	-0.009864800195154923
0.0017800000000000001	-0.0442881175000604
0.0017900000000000001	-0.07832638500289581
0.0018000000000000002	-0.11176262650387163
0.0018100000000000002	-0.14438437599048565
0.0018200000000000002	-0.1759850309320762
0.0018300000000000002	-0.20636516282025963
0.00184	-0.23533377908679376
0.00185	-0.2627095255481406
0.00186	-0.2883218236754576
0.0018700000000000001	-0.3120119345787392
0.0018800000000000002	-0.33363394530777873
0.0018900000000000002	-0.3530556666223016
0.0019000000000000002	-0.37015944137193874
0.0019100000000000002	-0.3848428570447914
0.0019200000000000003	-0.397019356928757
0.00193	-0.4066187475826041
0.00194	-0.4135876005078871
0.0019500000000000001	-0.4178895417773483
0.0019600000000000004	-0.41950543271062735
0.00197	-0.4184334386197537
0.00198	-0.4146889865535534
0.00199	-0.40830460896799203
0.002	-0.3993296824682239
0.00201	-0.3878300519204408
0.00202	-0.37388755822606407
0.00203	-0.35759945646870617
0.00204	-0.33907774179767075
0.00205	-0.31844838010864934
0.00206	-0.2958504525014374
0.0020700000000000002	-0.271435217940611
0.0020800000000000003	-0.24536509964255399
0.0020900000000000003	-0.21781260333065755
0.0021000000000000003	-0.1889591756460526
0.0021100000000000003	-0.15899400632414987
0.0021200000000000004	-0.1281127869206616
0.0021300000000000004	-0.09651643037037898
0.00214	-0.06440976204020027
0.00215	-0.03200018951770731
0.00216	0.0005036393502842107
0.00217	0.0328931820094061
0.00218	0.06496134155598851
0.00219	0.09650379304815675
0.0022	0.12732028763157593
0.00221	0.1572159258679914
0.00222	0.18600239211186348
0.00223	0.21349914308148332
0.0022400000000000002	0.2395345406005961
0.0022500000000000003	0.26394692462870056
0.0022600000000000003	0.2865856187266856
0.0022700000000000003	0.30731185794438676
0.0022800000000000003	0.32599964076103194
0.0022900000000000004	0.3425364941508644
0.0023000000000000004	0.3568241473004008
0.00231	0.3687791136760942
0.00232	0.3783331751565996
0.00233	0.38543376415616665
0.00234	0.3900442482196001
0.00235	0.392144103997878
0.00236	0.3917289929895871
0.00237	0.3888107299422072
0.00238	0.38341714756698914
0.00239	0.37559185882075186
0.0024000000000000002	0.3653939199274761
0.0024100000000000002	0.35289739084022337
0.0024200000000000003	0.3381908075306126
0.0024300000000000003	0.32137655647643854
0.0024400000000000003	0.3025701662459441
0.0024500000000000004	0.28189951567986343
0.0024600000000000004	0.2595039663533555
0.0024700000000000004	0.23553342508714392
0.00248	0.21014733872812302
0.00249	0.18351363536509108
0.0025	0.15580761307950783
0.00251	0.12721078486877482
0.00252	0.09790968950566795
0.00253	0.06809467311243088
0.00254	0.03795865150023592
0.00255	0.0076958607105526875
0.00256	-0.02249939631992447
0.0025700000000000002	-0.0524339988488124
0.0025800000000000003	-0.081917244990028
0.0025900000000000003	-0.11076206763572263
0.0026000000000000003	-0.1387862229815547
0.0026100000000000003	-0.16581344270658846
0.0026200000000000004	-0.1916745432987019
0.0026300000000000004	-0.21620848582493565
0.0026400000000000004	-0.2392633790585178
0.00265	-0.2606974182214033
0.00266	-0.2803797584270949
0.00267	-0.2981913095480809
0.00268	-0.3140254558601829
0.00269	-0.3277886919364191
0.0027	-0.33940116888110367
0.00271	-0.3487971542856668
0.00272	-0.3559253980822208
0.0027300000000000002	-0.36074940128028293
0.0027400000000000002	-0.3632475915972011
0.0027500000000000003	-0.3634134024992143
0.0027600000000000003	-0.3612552537396306
0.0027700000000000003	-0.35679643608690015
0.0027800000000000004	-0.3500749013493421
0.0027900000000000004	-0.3411429580913616
0.0028000000000000004	-0.33006687838964976
0.0028100000000000004	-0.3169264122758265
0.00282	-0.3018142227126828
0.00283	-0.28483523485700024
0.00284	-0.2661059128549373
0.00285	-0.2457534628231304
0.00286	-0.2239149728191477
0.00287	-0.20073648813148265
0.00288	-0.17637203820346256
0.00289	-0.1509826126689298
0.0029000000000000002	-0.12473509757767384
0.0029100000000000003	-0.09780117932600978
0.0029200000000000003	-0.07035622048760434
0.0029300000000000003	-0.04257811845274448
0.0029400000000000003	-0.014646151084791297
0.0029500000000000004	0.013260180206625758
0.0029600000000000004	0.04096230504490664
0.0029700000000000004	0.06828372683391579
0.0029800000000000004	0.09505114793342484
0.00299	0.1210955683479889
0.003	0.14625335433013542
0.00301	0.17036726381980632
0.00302	0.19328743077076627
0.00303	0.21487229458021692
0.00304	0.2349894727370696
0.00305	0.2535165722052862
0.0030600000000000002	0.2703419302124089
0.0030700000000000002	0.2853652856457919
0.0030800000000000003	0.29849837241871335
0.0030900000000000003	0.3096654327042263
0.0031000000000000003	0.31880364965629915
0.0031100000000000004	0.32586349257877645
0.0031200000000000004	0.33080897793425185
0.0031300000000000004	0.3336178375533494
0.0031400000000000004	0.33428160373704374
0.0031500000000000005	0.332805599596038
0.00316	0.32920885278628265
0.00317	0.3235238755965165
0.00318	0.315796465832872
0.00319	0.30608528390565415
0.0032	0.29446145259318884
0.00321	0.2810080373690124
0.00322	0.2658194588934654
0.0032300000000000002	0.2490008344790832
0.0032400000000000003	0.23066725624100293
0.0032500000000000003	0.21094300380498354
0.0032600000000000003	0.1899607071661697
0.0032700000000000003	0.16786045435566824
0.0032800000000000004	0.14478885889185056
0.0032900000000000004	0.12089808796624996
0.0033000000000000004	0.09634485958689869
0.0033100000000000004	0.07128941523972826
0.0033200000000000005	0.04589447500447049
0.00333	0.02032418069390994
0.00334	-0.005256964232461475
0.00335	-0.03068515262969921
0.00336	-0.0557983222347225
0.00337	-0.08043718774418401
0.00338	-0.1044462506325923
0.0033900000000000002	-0.1276747794337492
0.0034000000000000002	-0.14997775504852623
0.0034100000000000003	-0.17121677498599472
0.0034200000000000003	-0.19126091082539906
0.0034300000000000003	-0.209987512525425
0.0034400000000000003	-0.2272829574699757
0.0034500000000000004	-0.24304333733304892
0.0034600000000000004	-0.25717507803022854
0.0034700000000000004	-0.26959549150831197
0.0034800000000000005	-0.28023325665794796
0.0034900000000000005	-0.2890288193190588
0.0035	-0.29593472097935797
0.00351	-0.300915845302863
0.00352	-0.3039495829347013
0.00353	-0.3050259174244498
0.00354	-0.30414742864905736
0.00355	-0.3013292150014632
0.0035600000000000002	-0.29659873598005987
0.0035700000000000003	-0.28999557612032434
0.0035800000000000003	-0.281571129855152
0.0035900000000000003	-0.27138821835541216
0.0036000000000000003	-0.25952062525652886
0.0036100000000000004	-0.24605257222719468
0.0036200000000000004	-0.23107812584444834
0.0036300000000000004	-0.21470054702021893
0.0036400000000000004	-0.19703158039089178
0.0036500000000000005	-0.1781906966144484
0.0036600000000000005	-0.15830428753377268
0.00367	-0.13750481961601693
0.00368	-0.11592995403386468
0.00369	-0.09372163810865267
0.0037	-0.07102517131252974
0.00371	-0.04798825740677184
0.00372	-0.024760043707869116
0.0037300000000000002	-0.001490157013700916
0.0037400000000000003	0.021672259157202254
0.0037500000000000003	0.04457949938182606
0.0037600000000000003	0.0670862369655621
0.0037700000000000003	0.08905044486963942
0.0037800000000000004	0.11033429028640328
0.0037900000000000004	0.13080499806517118
0.0038000000000000004	0.150335678178803
0.0038100000000000005	0.16880610885405115
0.0038200000000000005	0.18610347515642106
0.0038300000000000005	0.20212305552389792
0.0038400000000000005	0.2167688522579654
0.00385	0.22995416345808858
0.00386	0.24160209133118152
0.00387	0.25164598582356273
0.00388	0.2600298202792908
0.0038900000000000002	0.2667084950979683
0.0039000000000000003	0.27164807215202963
0.00391	0.27482593432072044
0.003920000000000001	0.276230871258593
0.00393	0.27586309292547717
0.00394	0.2737341698351541
0.00395	0.26986689729983726
0.00396	0.26429509298089643
0.0039700000000000004	0.25706332053912645
0.00398	0.2482265478152832
0.0039900000000000005	0.23784974151910548
0.004	0.22600739476776419
0.0040100000000000005	0.21278300082108814
0.00402	0.19826847043234283
0.004030000000000001	0.18256349631321803
0.00404	0.16577487410785363
0.004050000000000001	0.148015777862365
0.00406	0.1294050012620976
0.004070000000000001	0.11006616570461646
0.00408	0.09012690065353744
0.004090000000000001	0.06971800456371421
0.0041	0.04897258780160478
0.00411	0.0280252065845758
0.00412	0.007010992039275214
0.00413	-0.01393522016969139
0.0041400000000000005	-0.034679753295856146
0.00415	-0.055090941185995286
0.0041600000000000005	-0.0750399621211998
0.00417	-0.09440165028814702
0.0041800000000000006	-0.1130552792347164
0.00419	-0.13088531223167513
0.004200000000000001	-0.14778211600357585
0.00421	-0.16364263135299204
0.004220000000000001	-0.17837099991505145
0.00423	-0.191879138929701
0.004240000000000001	-0.2040872641526264
0.00425	-0.21492435729295403
0.004260000000000001	-0.2243285721930918
0.00427	-0.232247583104044
0.00428	-0.2386388670722802
0.00429	-0.2434699223929847
0.0043	-0.24671842386771006
0.0043100000000000005	-0.24837230745931493
0.00432	-0.24842979348699623
0.0043300000000000005	-0.24689933921863808
0.00434	-0.24379952940646052
0.004350000000000001	-0.23915890070343662
0.00436	-0.23301570201179644
0.004370000000000001	-0.22541759876853573
0.00438	-0.2164213102331058
0.004390000000000001	-0.2060921984387634
0.0044	-0.19450380026604558
0.004410000000000001	-0.181737308896299
0.00442	-0.16788101161366936
0.004430000000000001	-0.15302968291043614
0.00444	-0.1372839399859239
0.00445	-0.12074956599136118
0.00446	-0.10353680014744258
0.00447	-0.08575960722754926
0.0044800000000000005	-0.0675349245891651
0.00449	-0.04898189561488252
0.0045000000000000005	-0.030221092620821396
0.00451	-0.011373735541725782
0.004520000000000001	0.007439089471529485
0.00453	0.026097206027955313
0.004540000000000001	0.04448211330180292
0.00455	0.062477736450037916
0.004560000000000001	0.07997115746864637
0.00457	0.09685332129946345
0.004580000000000001	0.11301971330902541
0.00459	0.12837100355240433
0.004600000000000001	0.1428136540465637
0.00461	0.1562604853773479
0.00462	0.16863119961613365
0.0046300000000000004	0.17985285504230267
0.00464	0.18986029174184665
0.0046500000000000005	0.19859650430163422
0.00466	0.20601296121122073
0.0046700000000000005	0.21206986522616383
0.00468	0.2167363601846028
0.004690000000000001	0.2199906746577617
0.0047	0.22182021078524108
0.004710000000000001	0.22222157047070437
0.00472	0.22120052432006077
0.004730000000000001	0.21877191993451658
0.00474	0.21495953536043633
0.004750000000000001	0.20979587328627047
0.00476	0.20332190129594815
0.004770000000000001	0.1955867404750731
0.00478	0.18664730124349432
0.00479	0.17656787414387118
0.0048000000000000004	0.16541967209000918
0.00481	0.15328033443249875
0.0048200000000000005	0.14023338991254863
0.00483	0.12636768714985439
0.0048400000000000006	0.11177679214201483
0.00485	0.09655836106448301
0.004860000000000001	0.08081348936407319
0.00487	0.06464604307274399
0.004880000000000001	0.04816197599766079
0.00489	0.031468637798888935
0.004900000000000001	0.014673892681990526
0.00491	-0.00211365359284056
0.004920000000000001	-0.018787195329615338
0.00493	-0.035240562242656696
0.004940000000000001	-0.05136981531765035
0.00495	-0.0670737162172891
0.00496	-0.08225435976574341
0.0049700000000000005	-0.0968177822714789
0.00498	-0.11067453965852854
0.0049900000000000005	-0.12374025411760751
0.005	-0.13593612415677012
0.0050100000000000006	-0.14718939680559004
0.00502	-0.15743379620643483
0.005030000000000001	-0.1666099113800583
0.00504	-0.1746655332222617
0.005050000000000001	-0.18155594709995618
0.00506	-0.18724417328531795
0.005070000000000001	-0.1917011575520799
0.00508	-0.19490590828687052
0.005090000000000001	-0.19684558253648382
0.0051	-0.19751551864039776
0.005110000000000001	-0.19691921582833274
0.00512	-0.1950682608430414
0.00513	-0.19198220626930004
0.0051400000000000005	-0.18768839337236493
0.00515	-0.18222173155812998
0.0051600000000000005	-0.17562442562195246
0.00517	-0.16794566124633253
0.005180000000000001	-0.15924124723289443
0.00519	-0.14957321480770605
0.005200000000000001	-0.13900938267721077
0.00521	-0.12762288608624558
0.005220000000000001	-0.11549167491300805
0.00523	-0.10269798346688898
0.005240000000000001	-0.08932777748873258
0.00525	-0.07547017906321651
0.005260000000000001	-0.06121687607205633
0.00527	-0.04666151787377299
0.005280000000000001	-0.03189910326383436
0.00529	-0.017025362549601953
0.0053	-0.002136139552323249
0.0053100000000000005	0.012673223647788653
0.00532	0.027308494699105016
0.0053300000000000005	0.04167714818937059
0.00534	0.05568894805497764
0.005350000000000001	0.06925651156557332
0.00536	0.08229585181007093
0.005370000000000001	0.09472689419230036
0.00538	0.10647396582842829
0.005390000000000001	0.11746625196133229
0.0054	0.12763822056710708
0.005410000000000001	0.13693000729189417
0.00542	0.14528776491904374
0.005430000000000001	0.1526639690842421
0.00544	0.15901768396266236
0.005450000000000001	0.16431478140007458
0.0054600000000000004	0.16852811747394006
0.00547	0.1716376621984194
0.0054800000000000005	0.17363058054948108
0.00549	0.1745012712030958
0.0055000000000000005	0.17425135402560538
0.00551	0.17288961492694313
0.005520000000000001	0.17043190243047002
0.00553	0.16690098147050336
0.005540000000000001	0.162326342793912
0.00555	0.15674397048306019
0.005560000000000001	0.1501960691372742
0.00557	0.1427307541962826
0.005580000000000001	0.13440170418712397
0.00559	0.12526778187221496
0.005600000000000001	0.11539262219937269
0.00561	0.10484419509493059
0.005620000000000001	0.09369433990457988
0.0056300000000000005	0.08201828152977458
0.00564	0.06989412497591486
0.0056500000000000005	0.05740233697094231
0.00566	0.044625214198751595
0.0056700000000000006	0.03164634461183974
0.00568	0.018550061699520434
0.005690000000000001	0.005420901725018453
0.0057	-0.007656942056736538
0.005710000000000001	-0.020600155496838725
0.00572	-0.033326832141947024
0.005730000000000001	-0.045756988898792025
0.00574	-0.05781306625183398
0.005750000000000001	-0.06942040940877113
0.00576	-0.0805077278279628
0.005770000000000001	-0.09100625553153867
0.00578	-0.10085653047320632
0.005790000000000001	-0.10999602901937698
0.0058000000000000005	-0.11837225516676192
0.00581	-0.12593668177586928
0.0058200000000000005	-0.1326462995517435
0.00583	-0.13846385780021891
0.005840000000000001	-0.14335806385345398
0.00585	-0.14730374494380805
0.005860000000000001	-0.15028196504336103
0.00587	-0.15228012053678233
0.005880000000000001	-0.1532919483774207
0.00589	-0.15331755391264895
0.005900000000000001	-0.152363353615276
0.00591	-0.15044199323703367
0.005920000000000001	-0.14757222681817203
0.00593	-0.14377875438133228
0.005940000000000001	-0.1390920253938161
0.00595	-0.13354800317329793
0.005960000000000001	-0.12718789942112455
0.0059700000000000005	-0.12005787334555525
0.00598	-0.11220870376425096
0.0059900000000000005	-0.10369543221031027
0.006	-0.09457698108991389
0.006010000000000001	-0.08491575126359067
0.00602	-0.07477719698683265
0.006030000000000001	-0.06423055078769445
0.00604	-0.05334362310633058
0.006050000000000001	-0.04218861497730658
0.00606	-0.030840723012464398
0.006070000000000001	-0.01937277128415987
0.00608	-0.007858921058487645
0.006090000000000001	0.003626874467302671
0.0061	0.01501134625161616
0.006110000000000001	0.026222371402467522
0.0061200000000000004	0.03718942844075766
0.006130000000000001	0.04784403828063518
0.0061400000000000005	0.05812018919867259
0.00615	0.06795474293446924
0.0061600000000000005	0.07728781958471971
0.00617	0.0860631593600989
0.006180000000000001	0.09422845767081729
0.00619	0.10173567375557276
0.006200000000000001	0.10854130937055362
0.00621	0.114606655632942
0.006220000000000001	0.11989800890520096
0.00623	0.12438685163012499
0.006240000000000001	0.12805000030489463
0.00625	0.13086971645490603
0.006260000000000001	0.13283378332693588
0.00627	0.13393554595498045
0.006280000000000001	0.13417390549245806
0.0062900000000000005	0.13355332793661207
0.006300000000000001	0.132083695646728
0.0063100000000000005	0.12978035032381965
0.00632	0.12666373270858494
0.0063300000000000006	0.12275946721517823
0.00634	0.11809796094800452
0.006350000000000001	0.11271430269219061
0.00636	0.10664794744019919
0.006370000000000001	0.09994244589471507
0.00638	0.09264513702307298
0.006390000000000001	0.08480681810303702
0.0064	0.07648139525956751
0.006410000000000001	0.06772551634462509
0.00642	0.05859818879127479
0.006430000000000001	0.04916038485279015
0.00644	0.039474637615168034
0.006450000000000001	0.029604628817481167
0.0064600000000000005	0.019614773147998293
0.006470000000000001	0.00956980032641856
0.0064800000000000005	-0.0004656619568622712
0.00649	-0.0104275012332641
0.006500000000000001	-0.02025252752976354
0.00651	-0.029878871549224657
0.006520000000000001	-0.03924638875285226
0.00653	-0.04829694744236345
0.006540000000000001	-0.0569749599238658
0.00655	-0.06522754221075042
0.006560000000000001	-0.07300492879619824
0.00657	-0.08026074684263762
0.006580000000000001	-0.08695229027773425
0.00659	-0.09304076766788175
0.006600000000000001	-0.09849152304123565
0.00661	-0.10327422794147213
0.006620000000000001	-0.10736303354812551
0.0066300000000000005	-0.11073676640133398
0.006640000000000001	-0.11337890534763918
0.0066500000000000005	-0.11527778028143267
0.00666	-0.11642654876743667
0.006670000000000001	-0.11682321895248604
0.00668	-0.11647062736671318
0.006690000000000001	-0.11537638579398607
0.0067	-0.11355279891699109
0.006710000000000001	-0.1110167551762763
0.00672	-0.10778957727660093
0.006730000000000001	-0.1038968458246542
0.00674	-0.09936825369352507
0.006750000000000001	-0.09423732111869507
0.00676	-0.08854119130241431
0.006770000000000001	-0.0823208852531419
0.0067800000000000004	-0.07561837994025902
0.006790000000000001	-0.06848158491922876
0.0068000000000000005	-0.06095874755889195
0.006810000000000001	-0.05310076204515262
0.0068200000000000005	-0.04496030021727109
0.00683	-0.03659146112378768
0.006840000000000001	-0.028049414495897835
0.00685	-0.019390039502285652
0.006860000000000001	-0.010669561396531847
0.00687	-0.001944189240540642
0.006880000000000001	0.006730244309275317
0.00689	0.01529863776666199
0.006900000000000001	0.023706982187336866
0.00691	0.031902625593057544
0.006920000000000001	0.03983476371487559
0.00693	0.047454561540793055
0.006940000000000001	0.05471557421819375
0.0069500000000000004	0.06157398627753434
0.006960000000000001	0.06798887898797124
0.0069700000000000005	0.07392247054075528
0.006980000000000001	0.07934033607812346
0.0069900000000000006	0.08421160306612238
0.007	0.08850912310413041
0.007010000000000001	0.0922087012769148
0.00702	0.09529380512780064
0.007030000000000001	0.09774648187309819
0.00704	0.09955660295014138
0.007050000000000001	0.10071731571552886
0.00706	0.10122597389765617
0.007070000000000001	0.10108412434163512
0.00708	0.10029746552242504
0.007090000000000001	0.09887580424710422
0.0071	0.09683287795215927
0.007110000000000001	0.09418630882416239
0.0071200000000000005	0.0909575534594557
0.007130000000000001	0.08717152986275345
0.0071400000000000005	0.08285657036651098
0.007150000000000001	0.07804418259660756
0.0071600000000000006	0.07276882456050326
0.00717	0.06706766175872582
0.007180000000000001	0.060980309193501614
0.00719	0.054548559409276505
0.007200000000000001	0.04781609882827256
0.00721	0.040828213567776585
0.007220000000000001	0.033631487784637364
0.00723	0.026273495584576555
0.007240000000000001	0.018802488947039803
0.00725	0.011267083589307371
0.007260000000000001	0.003715944910432226
0.00727	-0.003802522884782699
0.007280000000000001	-0.011240485691971088
0.0072900000000000005	-0.018550984454318086
0.007300000000000001	-0.02568824478236758
0.0073100000000000005	-0.032607897051863954
0.007320000000000001	-0.03926733515551994
0.007330000000000001	-0.04562592656357111
0.00734	-0.051645268748426995
0.007350000000000001	-0.0572894184177026
0.00736	-0.06252510330977636
0.007370000000000001	-0.06732191502276061
0.00738	-0.071652482554804
0.007390000000000001	-0.0754926245453271
0.0074	-0.07882148015411218
0.007410000000000001	-0.08162161782421841
0.00742	-0.0838791207921106
0.007430000000000001	-0.0855836496919032
0.00744	-0.08672848206917587
0.007450000000000001	-0.08731079673067342
0.0074600000000000005	-0.08733032211815357
0.007470000000000001	-0.08679206254722752
0.0074800000000000005	-0.08570329283163847
0.007490000000000001	-0.08407510605886784
0.007500000000000001	-0.08192218159514535
0.00751	-0.07926218537480112
0.007520000000000001	-0.07611597613652551
0.00753	-0.07250736577627505
0.007540000000000001	-0.06846294392123578
0.00755	-0.06401188728823749
0.007560000000000001	-0.05918575257352562
0.00757	-0.05401825623283507
0.007580000000000001	-0.04854504248543723
0.00759	-0.042803440051415155
0.007600000000000001	-0.03683221051861013
0.0076100000000000004	-0.03067128881192468
0.007620000000000001	-0.024361518758478536
0.0076300000000000005	-0.01794438448475227
0.007640000000000001	-0.01146173977222149
0.0076500000000000005	-0.004955537356644279
0.007660000000000001	0.0015324387300149629
0.007670000000000001	0.007960837417619143
0.007680000000000001	0.014289017772880665
0.007690000000000001	0.020477287026933563
0.0077	0.026487152749941897
0.007710000000000001	0.03228161800025345
0.00772	0.037825183106808144
0.007730000000000001	0.04308438060953076
0.00774	0.04802777311431814
0.007750000000000001	0.052626186276882196
0.00776	0.056853800615816234
0.007770000000000001	0.06068469191518693
0.0077800000000000005	0.06409718805860887
0.007790000000000001	0.06707476680120501
0.0078000000000000005	0.06960075879469184
0.007810000000000001	0.07166250612224481
0.00782	0.07325041904281013
0.00783	0.07435801426795766
0.007840000000000001	0.07498193202934031
0.007850000000000001	0.0751219336934195
0.00786	0.07478087853175264
0.00787	0.0739648489142298
0.00788	0.07268225400660011
0.007890000000000001	0.0709455851621621
0.0079	0.06876897211576719
0.00791	0.0661699251380791
0.00792	0.06316835272760046
0.007930000000000001	0.05978658428821299
0.007940000000000001	0.05604920801037873
0.00795	0.05198289615461085
0.00796	0.047616190054948944
0.007970000000000001	0.042979433924337014
0.007980000000000001	0.03810433408978549
0.00799	0.03302392531689425
0.008	0.027772297721942958
0.008010000000000001	0.022384370105251333
0.008020000000000001	0.016895659841789666
0.00803	0.011342050894506657
0.00804	0.005759484568592719
0.00805	0.0001841105128508915
0.008060000000000001	-0.005348707851524212
0.00807	-0.010803853308886073
0.00808	-0.016147057529368583
0.00809	-0.021345037947828698
0.008100000000000001	-0.026365702985643634
0.008110000000000001	-0.031178470790985572
0.00812	-0.03575394079880266
0.00813	-0.040064747494266376
0.008140000000000001	-0.044085711005903784
0.008150000000000001	-0.047793248785626276
0.00816	-0.05116611223328517
0.00817	-0.0541853836241905
0.008180000000000002	-0.05683456508999216
0.008190000000000001	-0.059099646474040333
0.0082	-0.060969186279812744
0.00821	-0.06243436413472512
0.00822	-0.06348901684120536
0.008230000000000001	-0.06412965655917684
0.00824	-0.06435547230160103
0.00825	-0.06416831361817013
0.00826	-0.0635726573072966
0.008270000000000001	-0.0625755587601164
0.008280000000000001	-0.061186585542902364
0.00829	-0.05941773646420538
0.0083	-0.0572833453154277
0.008310000000000001	-0.05479997060066224
0.008320000000000001	-0.05198627149810805
0.00833	-0.04886288922603826
0.00834	-0.04545219715695839
0.008350000000000002	-0.04177839596049987
0.008360000000000001	-0.037867009804130235
0.00837	-0.033744961782798163
0.00838	-0.0294402912160278
0.00839	-0.02498198152495791
0.008400000000000001	-0.020399778101959316
0.00841	-0.015723973533842216
0.00842	-0.010985136453038535
0.00843	-0.0062141682666748245
0.008440000000000001	-0.0014417937601898538
0.008450000000000001	0.0033014634770277074
0.00846	0.00798551117286234
0.00847	0.012580877560773905
0.008480000000000001	0.0170588961892845
0.008490000000000001	0.021391877443963512
0.0085	0.025553288945995366
0.00851	0.029517905278332826
0.008520000000000002	0.033261975716355544
0.008530000000000001	0.036763350353062565
0.00854	0.0400015843765644
0.00855	0.042957973759369106
0.00856	0.04561609272925685
0.008570000000000001	0.04796127482005991
0.00858	0.04998105564548618
0.00859	0.05166515332578314
0.0086	0.053005516987145555
0.008610000000000001	0.05399635985951238
0.008620000000000001	0.05463417811897082
0.00863	0.05491775504317077
0.00864	0.054848149902237714
0.008650000000000001	0.05442867319474657
0.008660000000000001	0.0536648467181477
0.00867	0.052564350379791354
0.00868	0.05113663494432339
0.008690000000000002	0.04939444613499235
0.008700000000000001	0.04735052525020937
0.00871	0.045020675287995034
0.00872	0.04242213637083859
0.00873	0.03957388752147273
0.008740000000000001	0.03649592192456885
0.00875	0.033209887727152575
0.00876	0.02973849112813225
0.00877	0.02610543889907351
0.008780000000000001	0.02233527856074356
0.008790000000000001	0.018453234138664208
0.0088	0.014485039471908068
0.00881	0.010456769084623584
0.008820000000000001	0.006394668588740965
0.008830000000000001	0.002324985283851786
0.00884	-0.0017261999711534178
0.00885	-0.005733138267216844
0.008860000000000002	-0.00967057478222201
0.008870000000000001	-0.013513906453854885
0.00888	-0.017239334048029412
0.00889	-0.020824007980740182
0.0089	-0.024246227356096838
0.008910000000000001	-0.02748536549366405
0.00892	-0.03052210709336396
0.00893	-0.0333389344425246
0.00894	-0.03591955200003794
0.008950000000000001	-0.038249406650367496
0.008960000000000001	-0.0403162260312867
0.00897	-0.04210730346529074
0.00898	-0.04361511943206537
0.008990000000000001	-0.044831432452427336
0.009000000000000001	-0.045751614133696834
0.00901	-0.046372313756129664
0.00902	-0.04669118657629273
0.009030000000000002	-0.04670910089332279
0.009040000000000001	-0.046428431793922344
0.00905	-0.045853444591828996
0.00906	-0.044990252149442016
0.00907	-0.04384676031469929
0.009080000000000001	-0.0424324905248637
0.00909	-0.04075890776811081
0.0091	-0.038838804238222384
0.00911	-0.03668650262578613
0.009120000000000001	-0.034317691445618345
0.009130000000000001	-0.03174931352117559
0.00914	-0.028999446740838986
0.00915	-0.02608738230300748
0.009160000000000001	-0.02303587287938671
0.009170000000000001	-0.019856204511855564
0.00918	-0.016579348322988564
0.00919	-0.013223873417069355
0.009200000000000002	-0.009811887001538497
0.009210000000000001	-0.006365673569270463
0.00922	-0.0029075506863631144
0.00923	0.0005402740768423921
0.00924	0.003955844401049872
0.009250000000000001	0.007317593652930925
0.009260000000000001	0.010604479693706974
0.00927	0.013796115167185078
0.00928	0.016872440380137937
0.009290000000000001	0.019815564869072436
0.009300000000000001	0.02260759652779414
0.00931	0.02523234373984594
0.00932	0.027673257900847615
0.009330000000000001	0.029916880687645937
0.009340000000000001	0.03195052160864007
0.00935	0.033762940079523046
0.00936	0.03534440558148165
0.009370000000000002	0.03668674716293239
0.009380000000000001	0.037783392897306894
0.00939	0.03862939822002325
0.0094	0.03922133990495192
0.00941	0.039557874251768946
0.009420000000000001	0.03963882864507814
0.009430000000000001	0.03946583780968595
0.00944	0.03904214718075807
0.00945	0.03837257848874689
0.009460000000000001	0.03746348572317959
0.009470000000000001	0.036322701524207406
0.00948	0.03495947431199732
0.00949	0.03338439744465841
0.009500000000000001	0.03160932995006881
0.009510000000000001	0.029647310035597087
0.00952	0.027512461499620822
0.00953	0.025219894252946948
0.009540000000000002	0.022785887602359865
0.009550000000000001	0.020226196890398635
0.00956	0.01755942714797431
0.00957	0.014803069385088428
0.00958	0.011975502223546272
0.009590000000000001	0.009095422795968491
0.009600000000000001	0.006181635185050246
0.00961	0.003253094541842949
0.00962	0.0003286480276016569
0.009630000000000001	-0.0025730837056521186
0.009640000000000001	-0.005433623198849407
0.00965	-0.008235153317974215
0.00966	-0.010960226334878642
0.009670000000000002	-0.013592071813130668
0.009680000000000001	-0.016114658414005837
0.00969	-0.018512790072537838
0.0097	-0.020772196342292007
0.009710000000000002	-0.022879615601833866
0.009720000000000001	-0.024822871451237804
0.00973	-0.026590941376250326
0.00974	-0.028174017578257687
0.00975	-0.029563559074093908
0.009760000000000001	-0.030752450941395244
0.009770000000000001	-0.03173453693749887
0.00978	-0.03250545697078725
0.00979	-0.033062113836050996
0.009800000000000001	-0.03340077391561554
0.009810000000000001	-0.033527123769633106
0.00982	-0.03343521082561552
0.00983	-0.03313135692966472
0.009840000000000002	-0.03261949112217546
0.009850000000000001	-0.031902585404518694
0.00986	-0.03098799536816381
0.00987	-0.029883264021561842
0.009880000000000002	-0.02859708584519978
0.009890000000000001	-0.02713924122164695
0.0099	-0.02552052481649594
0.00991	-0.02375266725871789
0.00992	-0.021848147434220262
0.009930000000000001	-0.019820629160982834
0.009940000000000001	-0.01768382006504482
0.00995	-0.015452385862986076
0.00996	-0.013141508790164997
0.009970000000000001	-0.010766576584439662
0.009980000000000001	-0.008343307967035031
0.00999	-0.005887636724189136
0.01	-0.003415536955757566
0.010010000000000002	-0.0009429538896254055
0.010020000000000001	0.0015143017817721034
0.01003	0.003940653873143552
0.01004	0.006320858365009267
0.010050000000000002	0.008640098074331023
0.010060000000000001	0.010884073850359412
0.01007	0.013039091519103652
0.01008	0.015092144338128206
0.01009	0.017030990304041108
0.010100000000000001	0.018844223816007706
0.010110000000000001	0.02052134150523747
0.01012	0.022052801526519946
0.01013	0.02343007648701601
0.010140000000000001	0.024646277572608757
0.010150000000000001	0.025693301708834108
0.01016	0.02656760834557626
0.01017	0.027264569812990393
0.010180000000000002	0.02778137584831751
0.010190000000000001	0.028116147953535373
0.0102	0.028268246975594522
0.01021	0.028238407671552387
0.010220000000000002	0.028028622121263683
0.010230000000000001	0.027641441982883305
0.01024	0.027081022706728856
0.01025	0.026352455698922042
0.01026	0.02546186337716995
0.010270000000000001	0.024416351111256642
0.010280000000000001	0.023223953218465085
0.01029	0.021893573437513428
0.0103	0.02043492027506366
0.010310000000000001	0.018858437964404666
0.010320000000000001	0.017175233225985066
0.01033	0.015396990853404645
0.01034	0.013535940182770398
0.010350000000000002	0.011604258928888748
0.010360000000000001	0.009616150478415977
0.01037	0.00758355549722291
0.01038	0.005520327707249484
0.010390000000000002	0.0034398979258816005
0.010400000000000001	0.001355716156269355
0.01041	-0.0007188614055892043
0.01042	-0.002770583361105435
0.01043	-0.004786624068425226
0.010440000000000001	-0.0067545775363586835
0.010450000000000001	-0.008661971548549847
0.01046	-0.010497273257474845
0.01047	-0.01224938334031571
0.010480000000000001	-0.0139078319840716
0.010490000000000001	-0.015462950661603537
0.0105	-0.01690556218597855
0.01051	-0.01822740807564439
0.010520000000000002	-0.019420950696412056
0.010530000000000001	-0.02048007664817067
0.01054	-0.021399020052415486
0.01055	-0.022173141776186518
0.010560000000000002	-0.022798769771786274
0.010570000000000001	-0.02327321394815854
0.01058	-0.023594774785840766
0.01059	-0.02376274529759331
0.0106	-0.023777407011168237
0.010610000000000001	-0.023640131230528782
0.010620000000000001	-0.023352910138493464
0.01063	-0.022919014858749705
0.01064	-0.022342514747918617
0.010650000000000001	-0.021628355177184505
0.010660000000000001	-0.020782318185771465
0.01067	-0.01981097821676048
0.01068	-0.018721652887486815
0.010690000000000002	-0.01752234975460439
0.010700000000000001	-0.016221708792045847
0.01071	-0.014828941660009231
0.01072	-0.01335376762537784
0.010730000000000002	-0.011806346963177464
0.010740000000000001	-0.010197211899397509
0.010750000000000001	-0.008537214571914274
0.01076	-0.006837379766031744
0.01077	-0.005108944826707557
0.010780000000000001	-0.0033632129048735268
0.010790000000000001	-0.001611497599052713
0.0108	0.0001349496937358581
0.01081	0.0018650112458107675
0.010820000000000001	0.00356777294669726
0.010830000000000001	0.005232592373292914
0.01084	0.006849094977751337
0.01085	0.008407476855873708
0.010860000000000002	0.009898282799291187
0.010870000000000001	0.01131268701557041
0.01088	0.012642103957723074
0.01089	0.013878896313231802
0.010900000000000002	0.015015983495859657
0.010910000000000001	0.016046985704599396
0.010920000000000001	0.016966258447324207
0.01093	0.017768922064789097
0.01094	0.018450886385477434
0.010950000000000001	0.01900886939890844
0.010960000000000001	0.019440411435517058
0.01097	0.019743882972969164
0.01098	0.01991845604253455
0.010990000000000002	0.019964229729235707
0.011000000000000001	0.01988203374421759
0.01101	0.01967353820574066
0.01102	0.01934120589984145
0.011030000000000002	0.01888826955162707
0.011040000000000001	0.01831874122917473
0.01105	0.017637229903654086
0.01106	0.016849133890148662
0.011070000000000002	0.015960446022667364
0.011080000000000001	0.014977749006329097
0.011090000000000001	0.01390816758983439
0.0111	0.01275931856193836
0.01111	0.01153925693907848
0.011120000000000001	0.010256421173411797
0.011130000000000001	0.008919575252188517
0.01114	0.007537749904959638
0.01115	0.006120221053338122
0.011160000000000002	0.004676288136002284
0.011170000000000001	0.0032154370361594372
0.01118	0.001747216014135457
0.01119	0.0002810447542664052
0.011200000000000002	-0.0011737244702573141
0.011210000000000001	-0.002607894532587249
0.01122	-0.004012482905836344
0.01123	-0.005378777364214183
0.011240000000000002	-0.006698373528691595
0.011250000000000001	-0.007963283282466184
0.011260000000000001	-0.009165902828794772
0.01127	-0.010299106455857512
0.01128	-0.011356276621136325
0.011290000000000001	-0.012331341801204904
0.011300000000000001	-0.01321881027022713
0.01131	-0.014013800010295998
0.01132	-0.014712064766067148
0.011330000000000002	-0.01531001439110864
0.011340000000000001	-0.015804735138736113
0.01135	-0.01619399486702274
0.01136	-0.016476261544337747
0.011370000000000002	-0.016650698077777044
0.011380000000000001	-0.016717156423572525
0.01139	-0.01667619786215299
0.0114	-0.01652905722501449
0.011410000000000002	-0.01627763724019593
0.011420000000000001	-0.015924531096783403
0.011430000000000001	-0.015472753798361829
0.01144	-0.014926385417920128
0.01145	-0.014289513334117742
0.011460000000000001	-0.01356693858991926
0.011470000000000001	-0.012764591085893272
0.01148	-0.011887792080544956
0.01149	-0.010942999442417044
0.011500000000000002	-0.00993687007597581
0.011510000000000001	-0.0088763927675962
0.01152	-0.007768840102781238
0.01153	-0.006621719875949325
0.011540000000000002	-0.005442724444039598
0.011550000000000001	-0.004239680348849913
0.01156	-0.0030204964581285335
0.01157	-0.0017931138551800336
0.011580000000000002	-0.0005654508857077001
0.011590000000000001	0.0006546430823811663
0.011600000000000001	0.0018594329302222994
0.01161	0.003041361366500464
0.01162	0.00419308023862745
0.011630000000000001	0.00530750280127611
0.011640000000000001	0.006377845888593013
0.01165	0.007397669602652686
0.01166	0.008360954055492028
0.011670000000000002	0.00926200294224751
0.011680000000000001	0.010095562923818944
0.01169	0.010857058815209925
0.0117	0.011542295719074853
0.011710000000000002	0.012147472038707582
0.011720000000000001	0.01266937520032284
0.01173	0.013105649294706624
0.01174	0.013454191851985257
0.011750000000000002	0.01371357899529371
0.011760000000000001	0.013882954084013382
0.011770000000000001	0.01396207155885891
0.01178	0.013951252910465057
0.01179	0.013851391183581117
0.011800000000000001	0.01366413479876442
0.011810000000000001	0.013391086218290047
0.01182	0.01303487332121459
0.01183	0.012598762342347407
0.011840000000000002	0.012086151770478936
0.011850000000000001	0.011501020170861137
0.01186	0.010847773516140162
0.01187	0.010131212527787519
0.011880000000000002	0.00935649904736274
0.011890000000000001	0.00852911941056342
0.0119	0.007654845698804202
0.01191	0.006739698122446259
0.011920000000000002	0.0057899049696614625
0.011930000000000001	0.004811847327154005
0.011940000000000001	0.003812046159222495
0.01195	0.002797090235738719
0.01196	0.0017735944120764863
0.011970000000000001	0.0007482014965217607
0.011980000000000001	-0.00027252491385038714
0.01199	-0.0012821173492856297
0.012	-0.002274200923874324
0.012010000000000002	-0.003242591651434871
0.012020000000000001	-0.0041813767249655335
0.01203	-0.005084764182948339
0.01204	-0.0059473272559278775
0.012050000000000002	-0.0067639292480001474
0.012060000000000001	-0.0075297739520718944
0.01207	-0.00824043473864743
0.01208	-0.008891878443709325
0.012090000000000002	-0.009480487859448656
0.012100000000000001	-0.010003081184584033
0.012110000000000001	-0.010456942162655835
0.01212	-0.010839767615288055
0.01213	-0.011149787101185695
0.012140000000000001	-0.011385697529449314
0.012150000000000001	-0.011546674600620952
0.01216	-0.011632383093554946
0.01217	-0.011642972142091075
0.012180000000000002	-0.011579118611900231
0.012190000000000001	-0.011441827455319251
0.0122	-0.011232700039765666
0.01221	-0.01095368180633078
0.012220000000000002	-0.010607348793076158
0.012230000000000001	-0.010196436710661012
0.012240000000000001	-0.009724182688311028
0.01225	-0.009194155114983485
0.012260000000000002	-0.008610245154884297
0.012270000000000001	-0.007976798759474381
0.012280000000000001	-0.007298264181733104
0.01229	-0.006579396918247168
0.0123	-0.005825166271477991
0.012310000000000001	-0.005040721611407139
0.012320000000000001	-0.004231357738137484
0.01233	-0.003402479685148322
0.01234	-0.0025595669795268066
0.012350000000000002	-0.0017081385638068913
0.012360000000000001	-0.0008537159779412804
0.01237	-1.7888379855840703e-6
0.01238	0.0008422202316062487
0.012390000000000002	0.0016729896763343572
0.012400000000000001	0.002485332140247303
0.012410000000000001	0.003274259513660281
0.01242	0.004034883291681861
0.012430000000000002	0.004762632995989951
0.012440000000000001	0.005453163092703271
0.012450000000000001	0.006102406679388436
0.01246	0.006706598968561112
0.01247	0.007262298447725625
0.012480000000000002	0.007766405890055583
0.012490000000000001	0.00821618100510993
0.0125	0.00860928423270106
0.01251	0.008943683911610413
0.012520000000000002	0.009217835855650893
0.012530000000000001	0.009430498744141645
0.01254	0.009580927640449504
0.01255	0.009668731476852153
0.012560000000000002	0.009693934515018413
0.012570000000000001	0.009656959370165913
0.012580000000000001	0.009558623982366862
0.01259	0.009400036958782929
0.012600000000000002	0.009183060956249474
0.012610000000000001	0.008909259316041388
0.012620000000000001	0.008581188219400548
0.01263	0.008201357143196995
0.01264	0.007772675486601173
0.012650000000000002	0.007298356855041252
0.012660000000000001	0.0067818441723451126
0.01267	0.006226839458900059
0.01268	0.005637250856160873
0.012690000000000002	0.005017208415099714
0.012700000000000001	0.004370878421680525
0.01271	0.0037026831656077307
0.01272	0.0030171010641188776
0.012730000000000002	0.0023186770911472745
0.012740000000000001	0.0016119962463088612
0.012750000000000001	0.0009016547655320167
0.01276	0.0001922237447562086
0.012770000000000002	-0.0005117686282212448
0.012780000000000001	-0.001205873477375972
0.012790000000000001	-0.0018857469605756776
0.0128	-0.0025471770811215043
0.01281	-0.0031861108396439293
0.012820000000000002	-0.003798674367110886
0.012830000000000001	-0.0043811961504789
0.01284	-0.004930241958091714
0.01285	-0.005442606116940315
0.012860000000000002	-0.005915376778487142
0.012870000000000001	-0.006345895765836548
0.01288	-0.006731848015537617
0.01289	-0.00707111510276092
0.012900000000000002	-0.007361952788289009
0.012910000000000001	-0.007603050438618327
0.012920000000000001	-0.007793292520326816
0.01293	-0.007931943162383591
0.012940000000000002	-0.008018601324050358
0.012950000000000001	-0.008053204458152793
0.012960000000000001	-0.008036018223037362
0.01297	-0.007967648653498732
0.01298	-0.007849013170272366
0.012990000000000002	-0.007681344805612134
0.013000000000000001	-0.007466178478415126
0.01301	-0.007205338341291268
0.01302	-0.006900935379023296
0.013030000000000002	-0.006555303542583838
0.013040000000000001	-0.006171053228786482
0.01305	-0.005751028946819827
0.01306	-0.005298183619084533
0.013070000000000002	-0.0048157925896828
0.013080000000000001	-0.004307161386787345
0.013090000000000001	-0.003775892046648354
0.0131	-0.0032254918751336427
0.013110000000000002	-0.002659694794354924
0.013120000000000001	-0.0020822629095650596
0.013130000000000001	-0.0014969973370786212
0.01314	-0.0009077124443250196
0.01315	-0.00031821472815767835
0.013160000000000002	0.00026772609641773147
0.013170000000000001	0.0008464000846639556
0.01318	0.0014141767625383567
0.01319	0.001967527932593556
0.013200000000000002	0.002503056701825341
0.013210000000000001	0.0030175077209053606
0.01322	0.003507792871765223
0.01323	0.003971007655183888
0.013240000000000002	0.004404448689808802
0.013250000000000001	0.004805624775756898
0.013260000000000001	0.00517228738623544
0.01327	0.005502411512849866
0.013280000000000002	0.005794237940407684
0.013290000000000001	0.006046265088464898
0.013300000000000001	0.006257260472574048
0.01331	0.006426265675641187
0.01332	0.00655259987015821
0.013330000000000002	0.006635990781429903
0.013340000000000001	0.006675928563702601
0.01335	0.006672957583950521
0.01336	0.006627369774606808
0.013370000000000002	0.006539873815011872
0.013380000000000001	0.006411421010591432
0.01339	0.006243224223316664
0.0134	0.006036737272375698
0.013410000000000002	0.005793634056580103
0.013420000000000001	0.005515847853020881
0.013430000000000001	0.0052054592188250145
0.01344	0.0048647687015098045
0.013450000000000002	0.004496240447990498
0.013460000000000001	0.004102500327639928
0.013470000000000001	0.0036863042048335837
0.01348	0.0032505267018989154
0.01349	0.002798140185075514
0.013500000000000002	0.00233219486242185
0.013510000000000001	0.0018557984848973025
0.01352	0.0013720959949480938
0.01353	0.0008842488056757616
0.013540000000000002	0.0003954148566764565
0.013550000000000001	-0.00009127162948925613
0.013560000000000001	-0.0005727206905241661
0.01357	-0.0010459049451373268
0.013580000000000002	-0.001507878941955156
0.013590000000000001	-0.0019557970731242883
0.013600000000000001	-0.0023869308968999707
0.01361	-0.002798587263402373
0.013620000000000002	-0.003188504129325461
0.013630000000000001	-0.003554430943994392
0.013640000000000001	-0.0038940329530022274
0.01365	-0.004205498737018872
0.01366	-0.004487107706597568
0.013670000000000002	-0.004737344784370553
0.013680000000000001	-0.004954925178135231
0.01369	-0.005138730410166543
0.0137	-0.005287950592686822
0.013710000000000002	-0.005401949838179537
0.013720000000000001	-0.005480342761199862
0.013730000000000001	-0.005522955281554452
0.01374	-0.005529869834885047
0.013750000000000002	-0.005501384165391195
0.013760000000000001	-0.005438018640457424
0.013770000000000001	-0.005340513177634434
0.01378	-0.005209818894942135
0.013790000000000002	-0.005047089967567745
0.013800000000000002	-0.004853674450475661
0.013810000000000001	-0.004631100051707968
0.01382	-0.0043810763963656124
0.01383	-0.004105463763374744
0.013840000000000002	-0.003806266332827257
0.013850000000000001	-0.003485625203561896
0.01386	-0.003145795737891197
0.01387	-0.002789134986642026
0.013880000000000002	-0.0024180846253105265
0.013890000000000001	-0.0020351548324865575
0.013900000000000001	-0.001642942238396943
0.01391	-0.0012439388269325428
0.013920000000000002	-0.0008408662506902304
0.013930000000000001	-0.0004363029334511553
0.013940000000000001	-0.000032849931130134995
0.01395	0.0003669242349786592
0.013960000000000002	0.000760500159477947
0.013970000000000002	0.001145421749686985
0.013980000000000001	0.0015193122220340295
0.01399	0.0018798880657488882
0.014	0.002224972995288963
0.014010000000000002	0.002552510558115435
0.014020000000000001	0.0028605762350769393
0.01403	0.003147389505392813
0.01404	0.0034113226813171867
0.014050000000000002	0.0036509090709376784
0.014060000000000001	0.0038648521289681523
0.014070000000000001	0.00405203098686849
0.01408	0.004211509892188855
0.014090000000000002	0.004342541205479604
0.014100000000000001	0.00444454589107106
0.014110000000000001	0.0045171719739974785
0.01412	0.004560229656441661
0.014130000000000002	0.0045737311608564715
0.014140000000000002	0.004557876153959512
0.014150000000000001	0.004512997426983758
0.01416	0.004439780092648721
0.01417	0.004338925239799108
0.014180000000000002	0.004211283257370291
0.014190000000000001	0.0040579732245769615
0.0142	0.003880226888310841
0.01421	0.003679371406908388
0.014220000000000002	0.0034569711717515805
0.014230000000000001	0.003214635641769123
0.014240000000000001	0.002954106093481493
0.01425	0.002677225629244046
0.014260000000000002	0.0023859217987932755
0.014270000000000001	0.002082193272986674
0.014280000000000001	0.0017681089393172997
0.01429	0.001445773623343364
0.014300000000000002	0.001117325461617223
0.014310000000000002	0.0007849242186607123
0.014320000000000001	0.0004507331257480855
0.01433	0.00011690561940547786
0.01434	-0.00021442808591276831
0.014350000000000002	-0.0005411743942584051
0.014360000000000001	-0.0008612891847889653
0.01437	-0.0011727910121070986
0.01438	-0.0014737724010675216
0.014390000000000002	-0.0017624128909786776
0.014400000000000001	-0.0020369987334897624
0.014410000000000001	-0.0022958852647011756
0.01442	-0.0025375836565404964
0.014430000000000002	-0.002760704757372366
0.014440000000000001	-0.0029640278040018436
0.014450000000000001	-0.003146437544612127
0.01446	-0.00330694153556947
0.014470000000000002	-0.003444788842920131
0.014480000000000002	-0.0035592659756717737
0.014490000000000001	-0.0036498849030154818
0.0145	-0.003716298662487942
0.01451	-0.003758319341086756
0.014520000000000002	-0.0037759145273465336
0.014530000000000001	-0.0037692091111091756
0.01454	-0.003738484224261581
0.01455	-0.0036841696240486072
0.014560000000000002	-0.0036068343184902335
0.014570000000000001	-0.0035072208854601845
0.014580000000000001	-0.0033861593526297727
0.01459	-0.0032446407355353228
0.014600000000000002	-0.0030837689700173553
0.014610000000000001	-0.0029047609170444215
0.014620000000000001	-0.002708937107136135
0.01463	-0.002497714494989267
0.014640000000000002	-0.0022725883842318684
0.014650000000000002	-0.002035142011870709
0.014660000000000001	-0.001787012053225278
0.01467	-0.001529881462255583
0.01468	-0.0012654870809249812
0.014690000000000002	-0.000995585026083371
0.014700000000000001	-0.000721962869928179
0.01471	-0.00044640084523800964
0.01472	-0.0001706792014482655
0.014730000000000002	0.00010343818676870113
0.014740000000000001	0.00037421652658318745
0.014750000000000001	0.0006399554851138042
0.01476	0.0008990062714026224
0.014770000000000002	0.0011497782324510742
0.014780000000000001	0.0013907515385372545
0.014790000000000001	0.0016204787676221634
0.0148	0.0018376028546772236
0.014810000000000002	0.002040862326559528
0.014820000000000002	0.002229089077557137
0.014830000000000001	0.002401228929984861
0.01484	0.002556339076915555
0.01485	0.0026935885215327096
0.014860000000000002	0.002812286502805987
0.014870000000000001	0.0029118508094339644
0.01488	0.0029918325117171325
0.01489	0.003051912288937715
0.014900000000000002	0.0030919453840475945
0.014910000000000001	0.0031117419337160215
0.014920000000000001	0.003111502385051535
0.01493	0.003091382350549684
0.014940000000000002	0.0030517174730703045
0.014950000000000001	0.0029929160346978006
0.014960000000000001	0.0029155829651864584
0.01497	0.002820376760272868
0.014980000000000002	0.002708083378067571
0.014990000000000002	0.00257958456796115
0.015000000000000001	0.0024358633835823798
0.01501	0.002277987874366298
0.01502	0.0021071061151363923
0.015030000000000002	0.0019244380502987353
0.015040000000000001	0.0017312670046743216
0.015050000000000001	0.0015289308506092724
0.01506	0.001318807722270411
0.015070000000000002	0.0011023282057539092
0.015080000000000001	0.0008809319002668775
0.015090000000000001	0.0006560840322179052
0.0151	0.0004292547280888648
0.015110000000000002	0.00020191330563875513
0.015120000000000001	-0.00002448209141195776
0.015130000000000001	-0.0002484937098057348
0.01514	-0.00046871318040533254
0.015150000000000002	-0.0006837703980176117
0.015160000000000002	-0.0008923411795944698
0.015170000000000001	-0.0010931564246053453
0.01518	-0.0012850106722040757
0.01519	-0.001466763798521269
0.015200000000000002	-0.0016373533173470846
0.015210000000000001	-0.0017957998988029993
0.015220000000000001	-0.0019412099910042357
0.01523	-0.0020727735949549347
0.015240000000000002	-0.0021898028642388955
0.015250000000000001	-0.0022916878722644357
0.015260000000000001	-0.0023779206297288124
0.01527	-0.0024481332142804544
0.015280000000000002	-0.002501991710759866
0.015290000000000002	-0.0025393033368240857
0.015300000000000001	-0.002560040657879474
0.01531	-0.0025642168467607715
0.015320000000000002	-0.0025519574450214616
0.015330000000000002	-0.0025234993024156925
0.015340000000000001	-0.0024792281147786232
0.01535	-0.0024195395036424624
0.015360000000000002	-0.0023449967493884586
0.015370000000000002	-0.002256186215334332
0.015380000000000001	-0.0021538355023200274
0.015390000000000001	-0.002038732558349577
0.0154	-0.0019117390530299172
0.015410000000000002	-0.001773784239389206
0.015420000000000001	-0.0016258584751888982
0.015430000000000001	-0.0014690052975237108
0.01544	-0.0013043154459585055
0.015450000000000002	-0.0011329189860673696
0.015460000000000002	-0.0009559776813878743
0.015470000000000001	-0.0007746772630213407
0.01548	-0.0005902196122265126
0.015490000000000002	-0.0004038162686103067
0.015500000000000002	-0.00021667384199301298
0.015510000000000001	-0.000029999811203206345
0.01552	0.00015503013720724696
0.015530000000000002	0.0003372155372520527
0.015540000000000002	0.0005154535980341585
0.015550000000000001	0.0006886333862304413
0.015560000000000001	0.0008556978299094038
0.01557	0.0010156383251904754
0.015580000000000002	0.0011674946918080638
0.015590000000000001	0.0013103952621277316
0.015600000000000001	0.0014435063387408483
0.01561	0.0015660741300298256
0.015620000000000002	0.0016774197113888448
0.01563	0.001776942635026974
0.01564	0.0018641494151763456
0.01565	0.0019385537273086304
0.01566	0.00199983210586056
0.01567	0.0020477230662125077
0.015680000000000003	0.00208205331871066
0.015690000000000003	0.0021027304732095385
0.015700000000000002	0.0021097736289611407
0.015710000000000002	0.0021032649841917156
0.01572	0.002083380657278414
0.01573	0.002050380539486536
0.01574	0.0020046057765870217
0.01575	0.0019464757981307644
0.01576	0.0018764848382319054
0.015770000000000003	0.0017951980482984746
0.015780000000000002	0.00170324717252247
0.015790000000000002	0.001601325847761273
0.0158	0.0014902164179270698
0.01581	0.0013706414116698231
0.01582	0.0012435099627893628
0.01583	0.0011096959953111076
0.01584	0.0009701212296253262
0.015850000000000003	0.0008257350649437147
0.015860000000000003	0.0006775082145680652
0.015870000000000002	0.0005264219092734979
0.015880000000000002	0.00037348060782511195
0.01589	0.0002196739609534338
0.0159	0.00006599416088629611
0.01591	-0.00008657855069629623
0.01592	-0.000237080065843528
0.01593	-0.00038456817925808256
0.015940000000000003	-0.000528130589053099
0.015950000000000002	-0.0006668804942288474
0.015960000000000002	-0.0007999936103660257
0.01597	-0.0009266717850300153
0.01598	-0.0010461641933020365
0.01599	-0.0011577810329696245
0.016	-0.0012608873430242857
0.01601	-0.0013549048545124505
0.016020000000000003	-0.0014393104084719482
0.016030000000000003	-0.0015136985811100075
0.016040000000000002	-0.001577698358514711
0.016050000000000002	-0.001630951354722815
0.01606	-0.0016732486094106175
0.01607	-0.0017042724773569308
0.01608	-0.0017243146981407863
0.01609	-0.0017331721600165645
0.0161	-0.0017307714724557506
0.016110000000000003	-0.0017173346059019257
0.016120000000000002	-0.0016930575829329395
0.016130000000000002	-0.0016582037776676102
0.01614	-0.0016131015460660325
0.01615	-0.0015581414859836382
0.01616	-0.0014937773841289202
0.01617	-0.0014205067088155394
0.01618	-0.0013388845443438003
0.016190000000000003	-0.0012495264610901285
0.016200000000000003	-0.0011530764984875603
0.016210000000000002	-0.0010502292275284457
0.016220000000000002	-0.0009416916132837066
0.01623	-0.0008282350641169525
0.01624	-0.0007105925332698597
0.01625	-0.0005895990444650265
0.01626	-0.00046604770990454664
0.01627	-0.0003407542136467743
0.016280000000000003	-0.00021453521946272335
0.016290000000000002	-0.0000882092293721427
0.016300000000000002	0.000037417803113200804
0.01631	0.00016154871618543406
0.01632	0.0002834050712549502
0.01633	0.00040223114445974356
0.01634	0.0005172976255333128
0.01635	0.0006279058477729909
0.016360000000000003	0.0007333945906153429
0.016370000000000003	0.0008331404629987236
0.016380000000000002	0.0009265649916710661
0.016390000000000002	0.0010131316377502125
0.0164	0.0010923552238388625
0.01641	0.00116380683564788
0.01642	0.0012271055667928867
0.01643	0.0012819284891095973
0.01644	0.0013280100860351435
0.016450000000000003	0.0013651485364661506
0.016460000000000002	0.0013931849447552955
0.016470000000000002	0.0014119933794630125
0.01648	0.0014216676901793641
0.01649	0.0014221264367914686
0.0165	0.0014134927686976436
0.01651	0.0013959130302420046
0.01652	0.001369592092553355
0.016530000000000003	0.001334826760324395
0.016540000000000003	0.0012917867488864924
0.016550000000000002	0.001240970427048672
0.016560000000000002	0.0011827339603476185
0.01657	0.001117522081571445
0.01658	0.001045827405583126
0.01659	0.0009681681554916128
0.0166	0.0008851017735369672
0.01661	0.0007972134873905074
0.016620000000000003	0.0007051121077752309
0.016630000000000002	0.0006094308831793458
0.016640000000000002	0.0005108180340927591
0.01665	0.00040993053809732963
0.01666	0.0003074372086778587
0.01667	0.0002040097370035801
0.01668	0.00010031717559546973
0.01669	-2.973725838891535e-6
0.016700000000000003	-0.00010520898516890201
0.016710000000000003	-0.00020574464680970175
0.016720000000000002	-0.0003039463249106524
0.016730000000000002	-0.00039922501856860836
0.01674	-0.0004909926437795368
0.01675	-0.0005786993915411596
0.01676	-0.000661823511004808
0.01677	-0.0007398850170372585
0.01678	-0.0008124330977550508
0.016790000000000003	-0.0008790594990931848
0.016800000000000002	-0.0009393979240449052
0.016810000000000002	-0.0009931272360003288
0.01682	-0.0010399608152866027
0.01683	-0.0010796820992069584
0.01684	-0.0011121037566673175
0.01685	-0.0011370920903132175
0.01686	-0.0011545622666659257
0.016870000000000003	-0.001164476320722998
0.016880000000000003	-0.001166853389774695
0.016890000000000002	-0.0011617469965358538
0.016900000000000002	-0.0011492681252029445
0.01691	-0.0011295745699836106
0.01692	-0.0011028586462027707
0.01693	-0.0010693664828200075
0.01694	-0.0010293659797430566
0.01695	-0.000983198240574292
0.016960000000000003	-0.0009312137001286359
0.016970000000000002	-0.0008737960609584124
0.016980000000000002	-0.0008113874565226491
0.01699	-0.0007444172006699767
0.017	-0.0006733658800725333
0.01701	-0.0005987287550721302
0.01702	-0.000521030925668899
0.01703	-0.00044077306659245257
0.017040000000000003	-0.00035851028246523125
0.017050000000000003	-0.00027478873437844557
0.017060000000000002	-0.00019015377632338829
0.017070000000000002	-0.00010515897562006423
0.01708	-0.000020350889212275522
0.01709	0.00006373087014747853
0.0171	0.0001465562038455413
0.01711	0.00022760803324430184
0.01712	0.0003063853771603636
0.017130000000000003	0.00038241001183600426
0.017140000000000002	0.00045522277641118147
0.017150000000000002	0.0005243907301581574
0.01716	0.0005895084195881498
0.01717	0.0006502017637168119
0.01718	0.0007061241668107906
0.01719	0.0007568418906789379
0.0172	0.0008024609575493128
0.017210000000000003	0.0008423662784864002
0.017220000000000003	0.0008764853065626097
0.017230000000000002	0.0009046582020209705
0.017240000000000002	0.000926766529853727
0.01725	0.0009427288532090875
0.01726	0.0009525052835537193
0.01727	0.0009560958832221626
0.01728	0.0009535306598756837
0.01729	0.0009449096856392439
0.017300000000000003	0.0009303292857884703
0.017310000000000002	0.0009099581754217208
0.017320000000000002	0.0008839748442765427
0.01733	0.0008526056814132513
0.01734	0.0008161057614441473
0.01735	0.0007747603637904576
0.01736	0.0007288627235207144
0.01737	0.0006788156151357186
0.017380000000000003	0.0006249150201306015
0.017390000000000003	0.0005675670704569374
0.017400000000000002	0.0005071732406987266
0.017410000000000002	0.00044415041767119465
0.01742	0.0003789248555966261
0.01743	0.000311942620867655
0.01744	0.0002436483220781925
0.01745	0.00017448658334702846
0.01746	0.00010491139855632782
0.017470000000000003	0.00003537143871791299
0.017480000000000002	-0.000033689365155026884
0.017490000000000002	-0.00010183457859267368
0.0175	-0.00016863681434548593
0.01751	-0.0002336825502017187
0.01752	-0.0002965773316910541
0.01753	-0.0003569378317576798
0.01754	-0.00041440478253386377
0.017550000000000003	-0.0004686402145784945
0.017560000000000003	-0.0005193302606946637
0.017570000000000002	-0.0005661845579002665
0.017580000000000002	-0.000608946814054066
0.01759	-0.0006473818170908595
0.0176	-0.0006812924872250505
0.01761	-0.0007105034096021178
0.01762	-0.0007348756592311194
0.01763	-0.0007543100273654017
0.017640000000000003	-0.0007687218316253534
0.017650000000000002	-0.0007780746033505554
0.017660000000000002	-0.0007823599824181938
0.01767	-0.0007815997068835702
0.01768	-0.0007758554380609873
0.01769	-0.0007651966443048202
0.0177	-0.0007497707503268231
0.01771	-0.0007297104309262723
0.017720000000000003	-0.0007051910237369805
0.017730000000000003	-0.0006764286577699345
0.017740000000000002	-0.0006436234812619863
0.017750000000000002	-0.0006070380599692912
0.01776	-0.0005669360539603801
0.01777	-0.0005236267799943968
0.01778	-0.0004774121925286152
0.01779	-0.0004286172165782299
0.0178	-0.00037758466618663904
0.017810000000000003	-0.00032465793217484
0.017820000000000003	-0.00027018623957682003
0.017830000000000002	-0.00021454732948282
0.01784	-0.00015810405537006184
0.01785	-0.00010122446226306292
0.01786	-0.00004427741240516086
0.01787	0.000012372729375567133
0.01788	0.00006836690656274043
0.017890000000000003	0.00012335390730321187
0.017900000000000003	0.00017699520712717928
0.017910000000000002	0.0002289577307605358
0.017920000000000002	0.00027894546237964657
0.01793	0.00032660667500444357
0.01794	0.00037171248952558024
0.01795	0.0004139711675533265
0.01796	0.00045316307808190495
0.01797	0.0004890594029314448
0.017980000000000003	0.0005214643182988071
0.017990000000000003	0.000550180226055936
0.018000000000000002	0.0005751390715037396
0.01801	0.000596146502186122
0.01802	0.0006131242706155916
0.01803	0.0006260112182041659
0.01804	0.0006347661139779933
0.01805	0.0006393751988206109
0.018060000000000003	0.0006398513593890281
0.018070000000000003	0.000636233763133556
0.018080000000000002	0.0006285952666267351
0.018090000000000002	0.0006170106413437034
0.0181	0.000601608332069765
0.01811	0.0005825114627991287
0.01812	0.0005598773887005774
0.01813	0.0005339040290078968
0.01814	0.0005047842968710704
0.018150000000000003	0.0004727364975329562
0.018160000000000003	0.0004380096349699733
0.018170000000000002	0.0004008226672042353
0.01818	0.00036145726209884174
0.01819	0.0003201767871930787
0.0182	0.00027727907564025015
0.01821	0.0002330478292728752
0.01822	0.00018777935817857293
0.018230000000000003	0.00014177817982371103
0.018240000000000003	0.00009533533726433107
0.018250000000000002	0.00004875764071401726
0.018260000000000002	2.3447387972787884e-6
0.01827	-0.000043608606995944935
0.01828	-0.0000888133748676352
0.01829	-0.0001329882864330527
0.0183	-0.00017586152563372974
0.01831	-0.00021717172738916049
0.018320000000000003	-0.00025667267045451916
0.018330000000000003	-0.00029413205194400184
0.018340000000000002	-0.0003293225139700655
0.01835	-0.00036205318251430357
0.01836	-0.0003921354900126795
0.01837	-0.0004194041766712144
0.01838	-0.00044371365537863383
0.01839	-0.000464934974417203
0.018400000000000003	-0.0004829691742703795
0.018410000000000003	-0.0004977234887942378
0.018420000000000002	-0.000509154873876081
0.018430000000000002	-0.000517215693321453
0.01844	-0.0005218898956427845
0.01845	-0.0005231779802744098
0.01846	-0.0005211111671084165
0.01847	-0.0005157353548477514
0.01848	-0.0005071187973841218
0.018490000000000003	-0.0004953497618377151
0.018500000000000003	-0.00048053576220711793
0.018510000000000002	-0.00046280267557047164
0.018520000000000002	-0.0004422937473711559
0.01853	-0.0004191685003258085
0.01854	-0.0003936015423589344
0.01855	-0.0003657794825500779
0.01856	-0.00033590741144529
0.018570000000000003	-0.00030415681031171647
0.018580000000000003	-0.00027086307562089045
0.018590000000000002	-0.00023614252767510386
0.018600000000000002	-0.0002002682588966733
0.01861	-0.00016347963498357983
0.01862	-0.0001260259885107979
0.01863	-0.00008815498188871448
0.01864	-0.000050104119236441196
0.01865	-0.000012123443182314452
0.018660000000000003	0.000025545031000819862
0.018670000000000003	0.00006266376483152698
0.018680000000000002	0.00009900116786237241
0.018690000000000002	0.00013433409537572224
0.0187	0.00016844500467570327
0.01871	0.00020113104277687873
0.01872	0.00023218498786940447
0.01873	0.000261444607069773
0.018740000000000003	0.0002887331450543382
0.018750000000000003	0.00031389630434808984
0.018760000000000002	0.0003367950847619261
0.018770000000000002	0.0003573063934084239
0.01878	0.0003753241197548005
0.01879	0.0003907582819713735
0.0188	0.0004035367727739965
0.01881	0.0004136051891461999
0.01882	0.0004209294081726469
0.018830000000000003	0.0004254851731414308
0.018840000000000003	0.000427274988656518
0.018850000000000002	0.0004263158494725793
0.018860000000000002	0.0004226421511371142
0.01887	0.0004163052852143982
0.01888	0.0004073731394127831
0.01889	0.0003959294907490259
0.0189	0.0003820796064809822
0.018910000000000003	0.0003659241049954902
0.018920000000000003	0.0003475961807474296
0.018930000000000002	0.00032722920496852334
0.018940000000000002	0.00030498740682513386
0.01895	0.0002810253189503939
0.01896	0.0002555137672471892
0.01897	0.0002286345603013301
0.01898	0.00020056809036796252
0.01899	0.00017150780719732132
0.019000000000000003	0.00014165085831597212
0.019010000000000003	0.00011119543610104947
0.019020000000000002	0.00008034279399641276
0.019030000000000002	0.000049294226445367224
0.01904	0.000018250210536454383
0.01905	-0.000012590868387345793
0.01906	-0.00004303396381048974
0.01907	-0.00007288858136634169
0.019080000000000003	-0.00010197573828891603
0.019090000000000003	-0.00013010014787808555
0.019100000000000002	-0.00015710916440751793
0.019110000000000002	-0.00018283631863994426
0.01912	-0.0002071282894838146
0.01913	-0.00022984060351977063
0.01914	-0.0002508570524433636
0.01915	-0.0002700538743156913
0.01916	-0.0002873280277826681
0.019170000000000003	-0.0003025921850718334
0.019180000000000003	-0.00031576013797483
0.019190000000000002	-0.00032677451519254303
0.019200000000000002	-0.0003355871172727035
0.01921	-0.0003421676865817954
0.01922	-0.00034649037021681974
0.01923	-0.0003485541706902998
0.01924	-0.0003483642283460568
0.019250000000000003	-0.00034595411798214883
0.019260000000000003	-0.00034138281512927716
0.019270000000000002	-0.00033465650812164943
0.019280000000000002	-0.00032583581643168226
0.01929	-0.0003150447571725848
0.0193	-0.00030235251005151316
0.01931	-0.0002878589439211201
0.01932	-0.00027167527149798303
0.01933	-0.000253922363579311
0.019340000000000003	-0.00023473093922073078
0.019350000000000003	-0.00021423656267737624
0.019360000000000002	-0.00019258219024569987
0.019370000000000002	-0.00016992328775091564
0.01938	-0.00014641221329439355
0.01939	-0.00012220850411014212
0.0194	-0.00009747258603531658
0.01941	-0.00007236944872362793
0.019420000000000003	-0.00004706281194832176
0.019430000000000003	-0.000021716721482061235
0.019440000000000002	3.506406631160116e-6
0.019450000000000002	0.000028446621539019384
0.01946	0.00005294743528258244
0.01947	0.00007685678770497834
0.01948	0.0001000281544450125
0.01949	0.00012231997741624358
0.0195	0.0001436005247113631
0.019510000000000003	0.0001637435429655526
0.019520000000000003	0.00018263205332490066
0.019530000000000002	0.00020015830226637784
0.019540000000000002	0.0002162305047076157
0.01955	0.00023074849730279873
0.01956	0.00024364203076691394
0.01957	0.0002548399551564064
0.01958	0.0002642984678538241
0.019590000000000003	0.00027196947791620894
0.019600000000000003	0.00027782458427814315
0.019610000000000002	0.0002818433912923207
0.019620000000000002	0.00028401904137185944
0.01963	0.00028435759939448484
0.01964	0.0002828754492726235
0.01965	0.0002795587003207541
0.01966	0.00027453044162723857
0.01967	0.00026784424878743607
0.019680000000000003	0.0002594712735928572
0.019690000000000003	0.0002495267067853598
0.019700000000000002	0.0002380903712791779
0.019710000000000002	0.00022525334391319482
0.01972	0.0002111071913584297
0.01973	0.0001957582529642573
0.01974	0.00017931709237917085
0.01975	0.00016190011220202597
0.019760000000000003	0.00014362874997676545
0.019770000000000003	0.0001246286477655503
0.019780000000000002	0.00010502880474219913
0.019790000000000002	0.00008496071599575972
0.0198	0.00006455750616773583
0.01981	0.000043953306819969866
0.01982	0.00002328131332672548
0.01983	2.6746435493385947e-6
0.01984	-0.000017735287201732213
0.019850000000000003	-0.0000378212029540314
0.019860000000000003	-0.00005745694995843278
0.019870000000000002	-0.00007652040376669439
0.019880000000000002	-0.00009489856580966933
0.01989	-0.00011247987221484313
0.0199	-0.00012916023119715015
0.01991	-0.0001448410660967517
0.01992	-0.0001594356126346502
0.019930000000000003	-0.00017286323249162872
0.019940000000000003	-0.0001850437200044842
0.019950000000000002	-0.00019591426747530595
0.019960000000000002	-0.00020542048068660822
0.01997	-0.00021351984276683344
0.01998	-0.00022016642673750427
0.01999	-0.00022533703595503527
0.02	-0.00022901393617696844