0.	0.5
0.000012398487384539085	0.49997266876125873
0.00002479697476907817	0.49989106930398974
0.000037195462153617254	0.4997553966305043
0.00004959394953815634	0.49956579162543513
0.00006199243692269542	0.49932234266396247
0.00007439092430723451	0.4990251498748352
0.00008678941169177359	0.4986742975138745
0.00009918789907631268	0.4982698806158706
0.00011158638646085176	0.49781198651829783
0.00012398487384539085	0.49730070925099157
0.00013638336122992993	0.49673612099609743
0.00014878184861446902	0.49611824715486375
0.0001611803359990081	0.495447533967429
0.00017357882338354719	0.4947237299181302
0.00018597731076808627	0.4939470704359849
0.00019837579815262536	0.49311768954311724
0.00021077428553716444	0.49223569884887924
0.00022317277292170353	0.4913012574857923
0.0002355712603062426	0.4903144909520709
0.0002479697476907817	0.48927553641996746
0.0002603682350753208	0.4881845640537148
0.00027276672245985986	0.4870417256004415
0.00028516520984439895	0.485847193585606
0.00029756369722893803	0.4846011273611848
0.0003099621846134771	0.4833037066408803
0.0003223606719980162	0.4819551187658501
0.0003347591593825553	0.4805555769432652
0.00034715764676709437	0.47910523380715875
0.00035955613415163346	0.47760432639628275
0.00037195462153617254	0.47605304720791747
0.0003843531089207116	0.47445162029551197
0.0003967515963052507	0.47280026340169246
0.0004091500836897898	0.4710992030750741
0.0004215485710743289	0.4693486687552034
0.00043394705845886797	0.4675489098104118
0.00044634554584340705	0.46570016940306697
0.00045874403322794614	0.4638027064324234
0.0004711425206124852	0.4618567607028738
0.0004835410079970243	0.45986261390215705
0.0004959394953815634	0.4578205133101847
0.0005083379827661024	0.45573077245017685
0.0005207364701506416	0.45359366396505335
0.0005331349575351807	0.45140942544341034
0.0005455334449197197	0.4491784121640062
0.0005579319323042588	0.4469008991409009
0.0005703304196887979	0.44457719128825895
0.000582728907073337	0.442207596098676
0.0005951273944578761	0.4397924377456118
0.0006075258818424151	0.4373320581160349
0.0006199243692269542	0.4348267527122053
0.0006323228566114934	0.4322768648541275
0.0006447213439960324	0.42968273053554495
0.0006571198313805714	0.42704469527544037
0.0006695183187651106	0.42436311011552696
0.0006819168061496497	0.42163834123690586
0.0006943152935341887	0.4188707273527715
0.0007067137809187278	0.4160606501742401
0.0007191122683032669	0.4132083685858291
0.000731510755687806	0.4103145774303361
0.0007439092430723451	0.4073793394188985
0.0007563077304568841	0.4044031479997312
0.0007687062178414233	0.40138638525836906
0.0007811047052259624	0.39832946139369546
0.0007935031926105014	0.39523276259101564
0.0008059016799950405	0.39209669831911015
0.0008183001673795796	0.38892168570192925
0.0008306986547641187	0.3857081064599181
0.0008430971421486578	0.38245644024950204
0.0008554956295331968	0.37916706636830516
0.0008678941169177359	0.37584040123887086
0.0008802926043022751	0.3724769281593069
0.0008926910916868141	0.3690770297712579
0.0009050895790713531	0.36564118207064644
0.0009174880664558923	0.3621698195309055
0.0009298865538404314	0.3586633771808892
0.0009422850412249704	0.3551223377010745
0.0009546835286095095	0.3515470983553144
0.0009670820159940486	0.3479382500260204
0.0009794805033785877	0.3442960891093002
0.0009918789907631268	0.3406211993053739
0.0010042774781476658	0.33691398932317423
0.0010166759655322048	0.33317499099264314
0.001029074452916744	0.32940471721355125
0.0010414729403012831	0.3256034455395422
0.0010538714276858221	0.32177189519732213
0.0010662699150703614	0.3179104498294413
0.0010786684024549004	0.31401963734366983
0.0010910668898394395	0.31009992403366377
0.0011034653772239785	0.30615180329164293
0.0011158638646085175	0.30217583455771063
0.0011282623519930568	0.29817246058450975
0.0011406608393775958	0.29414222089393693
0.0011530593267621348	0.2900856119549046
0.001165457814146674	0.2860032114378696
0.001177856301531213	0.28189538139329545
0.0011902547889157521	0.27776277668028093
0.0012026532763002912	0.27360587677943654
0.0012150517636848302	0.2694252358236122
0.0012274502510693694	0.26522133070952275
0.0012398487384539085	0.26099471603343977
0.0012522472258384475	0.25674591070272706
0.0012646457132229868	0.25247547520109836
0.0012770442006075258	0.24818391616426616
0.0012894426879920648	0.24387177543469654
0.0013018411753766038	0.23953959176930284
0.0013142396627611429	0.2351878966070406
0.0013266381501456821	0.23081728594502715
0.0013390366375302212	0.22642824240209425
0.0013514351249147602	0.22202134410885518
0.0013638336122992994	0.21759710028030835
0.0013762320996838385	0.21315610492967388
0.0013886305870683775	0.20869888964715635
0.0014010290744529165	0.20422600136113145
0.0014134275618374556	0.19973799768990838
0.0014258260492219948	0.19523542436307822
0.0014382245366065338	0.19071885568891733
0.0014506230239910729	0.18618883764409036
0.001463021511375612	0.1816461769999845
0.0014754199987601511	0.17709064012985462
0.0014878184861446902	0.1725235964115417
0.0015002169735292292	0.16794532040500124
0.0015126154609137682	0.16335639848519223
0.0015250139482983075	0.1587573484074438
0.0015374124356828465	0.15414878140089422
0.0015498109230673855	0.14953121988870183
0.0015622094104519248	0.14490523394040128
0.0015746078978364638	0.14027139383609674
0.0015870063852210028	0.13563023798178672
0.0015994048726055419	0.13098237024432283
0.001611803359990081	0.12632828026862397
0.0016242018473746202	0.12166828560058358
0.0016366003347591592	0.1170038583519023
0.0016489988221436982	0.11233460958524381
0.0016613973095282375	0.10766142772596629
0.0016737957969127765	0.10298487619384616
0.0016861942842973155	0.09830548209610117
0.0016985927716818546	0.09362384503265685
0.0017109912590663936	0.08894049467187998
0.0017233897464509328	0.08425600052933002
0.0017357882338354719	0.07957091151275936
0.001748186721220011	0.07488578679283289
0.0017605852086045501	0.07020117826541121
0.0017729836959890892	0.06551762554655022
0.0017853821833736282	0.06083572181218521
0.0017977806707581672	0.05615597706291642
0.0018101791581427063	0.05147894572846213
0.0018225776455272455	0.04680518569473797
0.0018349761329117845	0.042135249337541404
0.0018473746202963236	0.0374696683768142
0.0018597731076808628	0.032808990846904654
0.0018721715950654018	0.02815375875814407
0.0018845700824499409	0.023504508364373792
0.00189696856983448	0.018861781865033348
0.001909367057219019	0.014226137512907891
0.0019217655446035582	0.009598052635717565
0.0019341640319880972	0.004978109479028876
0.0019465625193726362	0.0003668213195572883
0.0019589610067571755	-0.004235282008729024
0.0019713594941417143	-0.008827672853273245
0.0019837579815262536	-0.013409831583289216
0.001996156468910793	-0.017981237768891187
0.0020085549562953316	-0.022541368181635713
0.002020953443679871	-0.027089709275821678
0.0020333519310644097	-0.03162575231716454
0.002045750418448949	-0.03614896720694353
0.002058148905833488	-0.040658865802113676
0.002070547393218027	-0.04515493440952539
0.0020829458806025662	-0.0496366562341542
0.0020953443679871055	-0.054103579078412435
0.0021077428553716443	-0.058555165710890915
0.0021201413427561835	-0.06299091293877591
0.002132539830140723	-0.0674103594437195
0.0021449383175252616	-0.07181299808984622
0.002157336804909801	-0.076198372089529
0.0021697352922943397	-0.0805659459802092
0.002182133779678879	-0.08491529315803294
0.002194532267063418	-0.08924591524949031
0.002206930754447957	-0.0935573417253838
0.0022193292418324962	-0.09784915064154413
0.002231727729217035	-0.10212079053459867
0.0022441262166015743	-0.10637178487296042
0.0022565247039861135	-0.11060190647580703
0.0022689231913706523	-0.11481042698735029
0.0022813216787551916	-0.11899704529787544
0.002293720166139731	-0.12316125222258778
0.0023061186535242697	-0.1273027762346512
0.002318517140908809	-0.1314207833531136
0.002330915628293348	-0.13551518346618205
0.002343314115677887	-0.13958547391213222
0.002355712603062426	-0.14363128568132544
0.002368111090446965	-0.1476519930442148
0.0023805095778315043	-0.1516473352221187
0.0023929080652160435	-0.15561685479922124
0.0024053065526005823	-0.15956022808946901
0.0024177050399851216	-0.16347695725359015
0.0024301035273696604	-0.16736665547858592
0.0024425020147541996	-0.17122890681223715
0.002454900502138739	-0.17506342365424507
0.0024672989895232777	-0.17886972200392204
0.002479697476907817	-0.18264740226964832
0.002492095964292356	-0.18639618813330175
0.002504494451676895	-0.19011562275569732
0.0025168929390614343	-0.19380538726726662
0.0025292914264459735	-0.197465084795338
0.0025416899138305123	-0.2010943032255972
0.0025540884012150516	-0.20469280113897023
0.0025664868885995904	-0.20826020509527002
0.0025788853759841296	-0.211796121270129
0.002591283863368669	-0.2153002192006379
0.0026036823507532077	-0.218772197421165
0.002616080838137747	-0.22221172986431748
0.0026284793255222857	-0.2256184240260944
0.002640877812906825	-0.22899208184137285
0.0026532763002913642	-0.2323322330594602
0.002665674787675903	-0.23563869837901527
0.0026780732750604423	-0.2389110710173742
0.0026904717624449816	-0.24214916673279216
0.0027028702498295204	-0.24535210093854698
0.0027152687372140596	-0.24852115352743048
0.002727667224598599	-0.25165448076638997
0.0027400657119831377	-0.25475229505896824
0.002752464199367677	-0.2578143527119204
0.0027648626867522157	-0.26084042574926253
0.002777261174136755	-0.2638302436617295
0.0027896596615212942	-0.26678349394281853
0.002802058148905833	-0.26969990691520523
0.0028144566362903723	-0.2725793509713228
0.002826855123674911	-0.27542166740025004
0.0028392536110594504	-0.2782261056592615
0.0028516520984439896	-0.28099293886983934
0.0028640505858285284	-0.2837218304870468
0.0028764490732130677	-0.28641257940802367
0.002888847560597607	-0.28906483530507754
0.0029012460479821457	-0.2916786427936014
0.002913644535366685	-0.29425351455335225
0.002926043022751224	-0.2967895924261891
0.002938441510135763	-0.2992861777270979
0.0029508399975203023	-0.30174350331611377
0.002963238484904841	-0.30416185410771907
0.0029756369722893803	-0.3065398256294512
0.0029880354596739196	-0.30887729930616525
0.0030004339470584584	-0.311174955307768
0.0030128324344429976	-0.31343282181319887
0.0030252309218275365	-0.31565049002907253
0.0030376294092120757	-0.31782732912021805
0.003050027896596615	-0.3199636370123492
0.0030624263839811538	-0.32205826113377645
0.003074824871365693	-0.3241135980117094
0.0030872233587502323	-0.3261271159877122
0.003099621846134771	-0.32809937651738746
0.0031120203335193103	-0.33003034437349027
0.0031244188209038496	-0.3319198329497383
0.0031368173082883884	-0.33376794997622156
0.0031492157956729276	-0.33557439164521374
0.0031616142830574664	-0.33733822474950387
0.0031740127704420057	-0.3390623280711219
0.003186411257826545	-0.3407434922574421
0.0031988097452110838	-0.3423828165992632
0.003211208232595623	-0.3439802061010361
0.003223606719980162	-0.34553530477507843
0.003236005207364701	-0.3470484996803181
0.0032484036947492403	-0.34851934531593387
0.003260802182133779	-0.3499481879289786
0.0032732006695183184	-0.3513345682244896
0.0032855991569028576	-0.35267894029093827
0.0032979976442873964	-0.3539809381359523
0.0033103961316719357	-0.355240543422837
0.003322794619056475	-0.3564577858752725
0.0033351931064410137	-0.35763269674612364
0.003347591593825553	-0.3587653278415835
0.003359990081210092	-0.35985539578417997
0.003372388568594631	-0.36090507378273196
0.0033847870559791703	-0.36191057829392986
0.003397185543363709	-0.3628718107082302
0.0034095840307482484	-0.3637925397109139
0.003421982518132787	-0.36467114175693316
0.0034343810055173264	-0.3655073104426852
0.0034467794929018657	-0.3663013015809202
0.0034591779802864045	-0.3670521724391576
0.0034715764676709437	-0.36776281581837406
0.003483974955055483	-0.36843045004534675
0.003496373442440022	-0.369056041229384
0.003508771929824561	-0.36963959364004123
0.0035211704172091003	-0.3701811288127123
0.003533568904593639	-0.37067972972714874
0.0035459673919781783	-0.37113916665686486
0.003558365879362717	-0.37155558488763113
0.0035707643667472564	-0.3719310628981936
0.0035831628541317957	-0.3722639164027676
0.0035955613415163345	-0.3725559514701293
0.0036079598289008737	-0.37280668363686825
0.0036203583162854125	-0.3730162116517104
0.0036327568036699518	-0.3731846153782291
0.003645155291054491	-0.37331211157509075
0.00365755377843903	-0.37339891082445026
0.003669952265823569	-0.37344488289143696
0.0036823507532081083	-0.3734503876061202
0.003694749240592647	-0.37341528613468683
0.0037071477279771864	-0.3733400106513357
0.0037195462153617256	-0.3732250062557278
0.0037319447027462645	-0.3730692500353157
0.0037443431901308037	-0.3728735150683439
0.0037567416775153425	-0.37263919275700885
0.0037691401648998818	-0.37236522726388005
0.003781538652284421	-0.37205106494245327
0.00379393713966896	-0.3716978637784585
0.003806335627053499	-0.3713063232796173
0.003818734114438038	-0.3708755807382415
0.003831132601822577	-0.37040587225835503
0.0038435310892071164	-0.36989855048757747
0.003855929576591655	-0.36935331583697706
0.0038683280639761944	-0.3687685812553352
0.0038807265513607337	-0.36814674721697727
0.0038931250387452725	-0.3674875955489531
0.0039055235261298117	-0.36679059540046904
0.003917922013514351	-0.36605658089903303
0.00393032050089889	-0.3652853735697758
0.003942718988283429	-0.3644780280511967
0.003955117475667968	-0.3636337004356323
0.003967515963052507	-0.3627530895696488
0.003979914450437046	-0.36183636868289615
0.003992312937821586	-0.36088394557551995
0.004004711425206124	-0.35989616953078285
0.004017109912590663	-0.35887291576147523
0.0040295083999752025	-0.35781350617764607
0.004041906887359742	-0.35672150085108045
0.004054305374744281	-0.355593221961645
0.004066703862128819	-0.3544318345692155
0.004079102349513359	-0.35323777372024506
0.004091500836897898	-0.35200618284317214
0.004103899324282437	-0.35074220904405073
0.004116297811666976	-0.34944598182059144
0.004128696299051516	-0.3481167949455607
0.004141094786436054	-0.3467549123496482
0.004153493273820593	-0.345360638012207
0.0041658917612051325	-0.3439342480837206
0.004178290248589672	-0.3424757070462798
0.004190688735974211	-0.340985925259467
0.004203087223358749	-0.33946423960333955
0.004215485710743289	-0.3379121962967778
0.004227884198127828	-0.3363306345924576
0.004240282685512367	-0.33471732268056764
0.004252681172896906	-0.3330726673686818
0.004265079660281446	-0.33140037505231423
0.004277478147665984	-0.32969895561067153
0.004289876635050523	-0.32796867837098453
0.0043022751224350625	-0.32620803919742886
0.004314673609819602	-0.32442062634397245
0.004327072097204141	-0.3226058613711414
0.004339470584588679	-0.3207603866005845
0.004351869071973219	-0.31888891914020473
0.004364267559357758	-0.31699049404974655
0.004376666046742297	-0.31506511482019806
0.004389064534126836	-0.31311336091655656
0.004401463021511375	-0.31113542703327357
0.004413861508895914	-0.30913178405036645
0.004426259996280453	-0.30710262806124455
0.0044386584836649924	-0.3050486843731629
0.004451056971049532	-0.30296939426009845
0.00446345545843407	-0.30086945385519126
0.004475853945818609	-0.29873862242370286
0.004488252433203149	-0.29658635377252635
0.004500650920587688	-0.29441325517669525
0.004513049407972227	-0.29221583786414
0.004525447895356766	-0.2899955799774247
0.004537846382741305	-0.28775352355575934
0.004550244870125844	-0.28548890766485846
0.004562643357510383	-0.2832030590918492
0.004575041844894922	-0.2808959221113429
0.004587440332279462	-0.2785675402150856
0.004599838819664	-0.27621937276019576
0.004612237307048539	-0.2738506549305394
0.0046246357944330786	-0.2714624429835568
0.004637034281817618	-0.26905463701344107
0.004649432769202157	-0.26662793591643424
0.004661831256586696	-0.26418240426316114
0.004674229743971235	-0.2617186170292608
0.004686628231355774	-0.25923693076043175
0.004699026718740313	-0.25673764144199207
0.004711425206124852	-0.2542211882305282
0.004723823693509392	-0.2516880819273276
0.00473622218089393	-0.24913854812865
0.004748620668278469	-0.24657242003690458
0.0047610191556630085	-0.24399092205646328
0.004773417643047548	-0.24139402843517338
0.004785816130432087	-0.2387827572002202
0.004798214617816625	-0.23615572058234058
0.004810613105201165	-0.23351537376549059
0.004823011592585704	-0.2308607665156933
0.004835410079970243	-0.22818685133283273
0.004847808567354782	-0.22551187377693901
0.004860207054739321	-0.22281819224025662
0.00487260554212386	-0.22011214155827022
0.004885004029508399	-0.21739411898353925
0.0048974025168929385	-0.21466472872499345
0.004909801004277478	-0.2119239758187553
0.004922199491662017	-0.20917258381784393
0.004934597979046555	-0.20641056321711443
0.004946996466431095	-0.2036385103407712
0.004959394953815634	-0.2008566293191894
0.004971793441200173	-0.19806541861557156
0.004984191928584712	-0.19526517907325877
0.004996590415969251	-0.19245647257864795
0.00500898890335379	-0.18963957284817914
0.005021387390738329	-0.1868150111516656
0.0050337858781228685	-0.1839825806941686
0.005046184365507408	-0.1811431940514865
0.005058582852891947	-0.17829706484749475
0.005070981340276485	-0.17544462170656444
0.005083379827661025	-0.17258586810042828
0.005095778315045564	-0.16972208861765947
0.005108176802430103	-0.16685269764549643
0.005120575289814642	-0.16397863535771579
0.005132973777199181	-0.16109963124250928
0.00514537226458372	-0.15821653608165204
0.005157770751968259	-0.15532974678177983
0.0051701692393527985	-0.15243943876277652
0.005182567726737338	-0.14954606011059363
0.005194966214121876	-0.14664929958409884
0.005207364701506415	-0.14375089402126034
0.005219763188890955	-0.1408511198366868
0.005232161676275494	-0.13794897229475528
0.005244560163660033	-0.13504557024855304
0.0052569586510445715	-0.13214116695737183
0.005269357138429111	-0.12923654613258184
0.00528175562581365	-0.12633086112187034
0.005294154113198189	-0.12342573541963872
0.0053065526005827285	-0.12052075222539288
0.005318951087967268	-0.11761689491423172
0.005331349575351806	-0.11471402031065694
0.005343748062736345	-0.1118130233768545
0.005356146550120885	-0.10891308910505348
0.005368545037505424	-0.10601561390792787
0.005380943524889963	-0.10312063534490472
0.0053933420122745015	-0.10022831353888405
0.005405740499659041	-0.09733903315175216
0.00541813898704358	-0.0944537658819213
0.005430537474428119	-0.09157216320909628
0.0054429359618126585	-0.08869420257962146
0.005455334449197198	-0.08582116047463854
0.005467732936581736	-0.08295271646241
0.005480131423966275	-0.08008933793004164
0.005492529911350815	-0.077231435688327
0.005504928398735354	-0.07437915991517667
0.005517326886119893	-0.0715331190097249
0.0055297253735044315	-0.06869307702542114
0.005542123860888971	-0.06585985938749207
0.00555452234827351	-0.06303341799874146
0.005566920835658049	-0.06021442242162508
0.0055793193230425885	-0.057403103868927566
0.005591717810427127	-0.05459949173044809
0.005604116297811666	-0.051804151723701765
0.005616514785196205	-0.049017107765014174
0.005628913272580745	-0.04623887390345294
0.005641311759965284	-0.043469662256163465
0.005653710247349822	-0.04070987260623505
0.0056661087347343615	-0.03795949199888484
0.005678507222118901	-0.035219094311669114
0.00569090570950344	-0.0324888643207821
0.005703304196887979	-0.029769035342090105
0.0057157026842725184	-0.027059938549148572
0.005728101171657057	-0.0243618268010204
0.005740499659041596	-0.021674940443083573
0.005752898146426135	-0.018999564202859483
0.0057652966338106746	-0.01633598142584232
0.005777695121195214	-0.013684441042471112
0.005790093608579752	-0.011045197230641422
0.0058024920959642914	-0.008418512815848368
0.005814890583348831	-0.005804605134990537
0.00582728907073337	-0.0032037421873801304
0.005839687558117909	-0.0006161717692850098
0.005852086045502448	0.00195786364529523
0.005864484532886987	0.0045181307315121655
0.005876883020271526	0.007064394308080322
0.005889281507656065	0.00959641010719969
0.0059016799950406046	0.012113876947101233
0.005914078482425144	0.014616800258471488
0.005926476969809682	0.01710477460240938
0.005938875457194221	0.019577544594215
0.005951273944578761	0.02203493046926691
0.0059636724319633	0.024476668481752034
0.005976070919347839	0.026902669558136437
0.0059884694067323775	0.02931276082268919
0.006000867894116917	0.031706546499977464
0.006013266381501456	0.03408385804337136
0.006025664868885995	0.03644477780579196
0.0060380633562705345	0.03878877550480934
0.006050461843655073	0.041115787908386964
0.006062860331039612	0.04342557163598826
0.006075258818424151	0.04571797952188696
0.006087657305808691	0.04799268899790532
0.00610005579319323	0.05025002190434154
0.006112454280577769	0.052489167041398145
0.0061248527679623075	0.05471027218632087
0.006137251255346847	0.05691310373640425
0.006149649742731386	0.05909750699646178
0.006162048230115925	0.06126352710610622
0.0061744467175004645	0.06341035106794046
0.006186845204885003	0.06553850587701868
0.006199243692269542	0.06764755120007622
0.006211642179654081	0.0697374099644497
0.006224040667038621	0.07180780693190313
0.00623643915442316	0.0738585719340635
0.006248837641807699	0.07589007636131699
0.0062612361291922375	0.0779016190144685
0.006273634616576777	0.07989320788811038
0.006286033103961316	0.08186455667026454
0.006298431591345855	0.08381600476545661
0.0063108300787303945	0.08574701648852384
0.006323228566114933	0.08765785237315844
0.006335627053499472	0.08954749626165918
0.006348025540884011	0.09141674589720987
0.006360424028268551	0.09326524972991974
0.00637282251565309	0.09509291007845636
0.006385221003037628	0.09689955129586078
0.0063976194904221675	0.09868506376011806
0.006410017977806707	0.10044927682368612
0.006422416465191246	0.10219234209668299
0.006434814952575785	0.10391410250264609
0.006447213439960324	0.10561416821163681
0.006459611927344863	0.10729270219567281
0.006472010414729402	0.10894960793330467
0.006484408902113941	0.11058473850621602
0.006496807389498481	0.11219820461431639
0.00650920587688302	0.11378967646516727
0.006521604364267558	0.1153591709405495
0.0065340028516520975	0.11690664501002626
0.006546401339036637	0.1184325028483961
0.006558799826421176	0.11993533733453106
0.006571198313805715	0.1214160512644758
0.006583596801190254	0.12287508974918444
0.006595995288574793	0.12431164213690772
0.006608393775959332	0.12572547521781108
0.006620792263343871	0.12711758129904197
0.006633190750728411	0.1284867932272032
0.00664558923811295	0.1298336351303604
0.006657987725497488	0.13115803975944196
0.0066703862128820275	0.13245956094308656
0.006682784700266567	0.13373912040146113
0.006695183187651106	0.13499563728965958
0.006707581675035645	0.13622951560121735
0.006719980162420184	0.1374408614198218
0.006732378649804723	0.1386294017291848
0.006744777137189262	0.13979545669574533
0.006757175624573801	0.14093885628196604
0.006769574111958341	0.14205943103457014
0.006781972599342879	0.1431572682111345
0.006794371086727418	0.1442324006990458
0.0068067695741119575	0.14528479139984826
0.006819168061496497	0.1463145586662712
0.006831566548881036	0.1473222967654213
0.006843965036265574	0.1483060555392258
0.006856363523650114	0.14926774992023548
0.006868762011034653	0.15020655359820734
0.006881160498419192	0.15112280983707743
0.006893558985803731	0.1520157761442801
0.006905957473188271	0.15288813909044757
0.006918355960572809	0.15373631315996517
0.006930754447957348	0.15456278555650432
0.0069431529353418875	0.1553663804990089
0.006955551422726427	0.1561474930874226
0.006967949910110966	0.15690618229255815
0.006980348397495504	0.1576425497504648
0.006992746884880044	0.15835647226309663
0.007005145372264583	0.15904864527860654
0.007017543859649122	0.15971711846806647
0.007029942347033661	0.16036431806319826
0.0070423408344182006	0.16098923695906453
0.007054739321802739	0.16159240756822327
0.007067137809187278	0.1621729970974377
0.0070795362965718174	0.16273185773575724
0.007091934783956357	0.163309546032421
0.007104333271340896	0.16378364465323939
0.007116731758725434	0.16427683852503774
0.0071291302461099736	0.1647484245237779
0.007141528733494513	0.16519828009544238
0.007153927220879052	0.16562682091951447
0.007166325708263591	0.16603379280318176
0.00717872419564813	0.1664191304871566
0.007191122683032669	0.166783178063788
0.007203521170417208	0.16712596670616206
0.007215919657801747	0.1674475418885903
0.007228318145186287	0.16774826648717314
0.007240716632570825	0.16802801317482755
0.007253115119955364	0.1682869741934113
0.0072655136073399035	0.16852527822677701
0.007277912094724443	0.1687420985300465
0.007290310582108982	0.16893875427968896
0.007302709069493521	0.16911489397912796
0.00731510755687806	0.16927051688847006
0.007327506044262599	0.16940641481044671
0.007339904531647138	0.16952178961818629
0.007352303019031677	0.16961706016725575
0.007364701506416217	0.16969229722091883
0.007377099993800755	0.16974683384738748
0.007389498481185294	0.16978338027153328
0.0074018969685698335	0.1697996732801811
0.007414295455954373	0.1697954087993541
0.007426693943338912	0.16977225815437513
0.007439092430723451	0.16973082913642026
0.00745149091810799	0.16967051621502025
0.007463889405492529	0.16959054350162042
0.007476287892877068	0.16949074402329087
0.007488686380261607	0.1693727713793278
0.007501084867646147	0.16923738723626847
0.007513483355030685	0.16908217600826492
0.007525881842415224	0.16890869189102153
0.0075382803297997635	0.16871759214101667
0.007550678817184303	0.1685077403363656
0.007563077304568842	0.16828053054786477
0.00757547579195338	0.1680355637587185
0.00758787427933792	0.1677730930679924
0.007600272766722459	0.1674926195440872
0.007612671254106998	0.16719470646593848
0.007625069741491537	0.1668796088171376
0.007637468228876076	0.16654772203655552
0.007649866716260615	0.16619896004340595
0.007662265203645154	0.16583328213760506
0.0076746636910296935	0.1654519414763753
0.007687062178414233	0.16505261453899125
0.007699460665798772	0.1646375430528626
0.00771185915318331	0.1642067457238901
0.00772425764056785	0.1637582639240293
0.007736656127952389	0.163295550969692
0.007749054615336928	0.16281680959840425
0.007761453102721467	0.16232251435734477
0.007773851590106006	0.16181234570162273
0.007786250077490545	0.16128798676382303
0.007798648564875084	0.16074802309652175
0.0078110470522596235	0.1601931364557693
0.007823445539644163	0.15962355088693958
0.007835844027028702	0.15903942444417732
0.007848242514413241	0.15844088222471925
0.00786064100179778	0.15782788484074076
0.007873039489182318	0.157201013130428
0.007885437976566857	0.15656025857708653
0.007897836463951396	0.1559060389455579
0.007910234951335936	0.15523809052976145
0.007922633438720475	0.15455759804138663
0.007935031926105014	0.15386154254778278
0.007947430413489553	0.15315394575838326
0.007959828900874093	0.1524338538546921
0.007972227388258632	0.15170060371082825
0.007984625875643171	0.1509548347914646
0.00799702436302771	0.15019673400777084
0.008009422850412248	0.14942663969838216
0.008021821337796787	0.1486441038876918
0.008034219825181326	0.14785008720040277
0.008046618312565866	0.14704428421072596
0.008059016799950405	0.14622695559477608
0.008071415287334944	0.14539815814435952
0.008083813774719483	0.1445584936495808
0.008096212262104023	0.143708325832637
0.008108610749488562	0.14284621055668079
0.008121009236873101	0.14197424456497065
0.008133407724257639	0.14109186274349578
0.008145806211642178	0.14019892082081756
0.008158204699026717	0.13929628118937454
0.008170603186411256	0.13838333070130607
0.008183001673795796	0.1374609493179345
0.008195400161180335	0.13652889766193493
0.008207798648564874	0.13558756033697106
0.008220197135949413	0.13463706427726455
0.008232595623333953	0.13367802352887603
0.008244994110718492	0.13270986490399908
0.008257392598103031	0.1317324298687157
0.008269791085487569	0.13074694415851618
0.008282189572872108	0.1297514025891701
0.008294588060256647	0.1287499797743877
0.008306986547641186	0.1277415786578888
0.008319385035025726	0.12672402894705306
0.008331783522410265	0.12569900569334766
0.008344182009794804	0.12466647302580781
0.008356580497179343	0.12362645107636465
0.008368978984563883	0.12257944074716497
0.008381377471948422	0.12152608151968586
0.008393775959332961	0.12046547683543583
0.008406174446717499	0.11939866108298537
0.008418572934102038	0.11832545087643843
0.008430971421486577	0.11724604708315307
0.008443369908871116	0.11616071810899024
0.008455768396255656	0.11506942717023454
0.008468166883640195	0.113972533796593
0.008480565371024734	0.11287019272424069
0.008492963858409273	0.1117622605559875
0.008505362345793813	0.11065093702952877
0.008517760833178352	0.1095332719971013
0.008530159320562891	0.1084093724200811
0.008542557807947429	0.10728243375708948
0.008554956295331968	0.10615068144576653
0.008567354782716507	0.10501425392652788
0.008579753270101046	0.10387428997700954
0.008592151757485586	0.10273092677118377
0.008604550244870125	0.10158325057579279
0.008616948732254664	0.10043194886027616
0.008629347219639203	0.09927723551769456
0.008641745707023743	0.0981191886980291
0.008654144194408282	0.096958393234114
0.00866654268179282	0.0957941820245722
0.008678941169177359	0.09462728370534217
0.008691339656561898	0.09345780635751333
0.008703738143946437	0.09228604893655523
0.008716136631330976	0.09111192954987063
0.008728535118715516	0.08993608484281745
0.008740933606100055	0.08875781006125619
0.008753332093484594	0.08757724639713248
0.008765730580869133	0.08639586929288186
0.008778129068253673	0.08521245125395352
0.008790527555638212	0.08402825325992194
0.00880292604302275	0.08284250463356672
0.008815324530407289	0.08165580431701046
0.008827723017791828	0.08046822695460837
0.008840121505176367	0.07927991311944285
0.008852519992560906	0.07809111431945995
0.008864918479945446	0.07690181823474825
0.008877316967329985	0.07571224937384051
0.008889715454714524	0.07452266435371348
0.008902113942099063	0.07333289894882083
0.008914512429483603	0.07214346760865288
0.00892691091686814	0.0709543345863525
0.00893930940425268	0.06976559963929609
0.008951707891637219	0.06857732098674169
0.008964106379021758	0.06739003645305487
0.008976504866406297	0.06620361322281713
0.008988903353790836	0.06501824725265706
0.009001301841175376	0.06383409642098278
0.009013700328559915	0.06265126900908932
0.009026098815944454	0.06146988851019986
0.009038497303328993	0.06029010388539657
0.009050895790713533	0.059111977618577685
0.00906329427809807	0.05793567766985312
0.00907569276548261	0.0567614201502407
0.009088091252867149	0.055589305389441575
0.009100489740251688	0.05441953162364291
0.009112888227636227	0.05325200193490429
0.009125286715020766	0.05208694381150123
0.009137685202405306	0.050924537743072124
0.009150083689789845	0.049764874979337625
0.009162482177174384	0.04860808454793406
0.009174880664558923	0.04745428286668855
0.009187279151943463	0.04630360252794349
0.009199677639328	0.04515608368545984
0.00921207612671254	0.04401203472538978
0.009224474614097079	0.042871386904663876
0.009236873101481618	0.04173418795559808
0.009249271588866157	0.040600913368035875
0.009261670076250696	0.03947139980150817
0.009274068563635236	0.0383456505663006
0.009286467051019775	0.037224265814448036
0.009298865538404314	0.036106873182017475
0.009311264025788853	0.03499362057661863
0.009323662513173393	0.033885012550398635
0.00933606100055793	0.03278074415814907
0.00934845948794247	0.03168101153036698
0.009360857975327009	0.030586036285975324
0.009373256462711548	0.02949576519719673
0.009385654950096087	0.028410351120962834
0.009398053437480626	0.02732991647003029
0.009410451924865166	0.026254644904151105
0.009422850412249705	0.02518449391867691
0.009435248899634244	0.024119558217643965
0.009447647387018783	0.023060004327812453
0.00946004587440332	0.022005863785639748
0.00947244436178786	0.020957306374185462
0.0094848428491724	0.019914356808188115
0.009497241336556939	0.018877097836183892
0.009509639823941478	0.017845656772349696
0.009522038311326017	0.016820117316813772
0.009534436798710556	0.01580063043174492
0.009546835286095096	0.014787139017944479
0.009559233773479635	0.013779724801008506
0.009571632260864174	0.012778553738024655
0.009584030748248713	0.011783639602808064
0.00959642923563325	0.01079512612901197
0.00960882772301779	0.009813035502036242
0.00962122621040233	0.008837479063382695
0.009633624697786869	0.007868488521156276
0.009646023185171408	0.006906176405270947
0.009658421672555947	0.005950558342126112
0.009670820159940486	0.005001759286889224
0.009683218647325026	0.004059809101479943
0.009695617134709565	0.0031247893088566896
0.009708015622094104	0.002196749276710912
0.009720414109478642	0.0012757529820105588
0.00973281259686318	0.0003618810234817368
0.00974521108424772	-0.0005448284806811993
0.00975760957163226	-0.0014443048246939795
0.009770008059016799	-0.002336497634277077
0.009782406546401338	-0.0032213441535900483
0.009794805033785877	-0.004098801261552729
0.009807203521170416	-0.004968804267880255
0.009819602008554956	-0.00583116931086475
0.009832000495939495	-0.006686264258495965
0.009844398983324034	-0.007533638421248455
0.009856797470708572	-0.008373336322498648
0.00986919595809311	-0.00920536139508527
0.00988159444547765	-0.010029603782633638
0.00989399293286219	-0.010846152144984765
0.009906391420246729	-0.01165483217177426
0.009918789907631268	-0.012455654642707816
0.009931188395015807	-0.013248580397848223
0.009943586882400346	-0.014033565330378701
0.009955985369784886	-0.014810587687403617
0.009968383857169425	-0.015579593606912651
0.009980782344553964	-0.016340529165994634
0.009993180831938502	-0.017093448408515267
0.01000557931932304	-0.017838238594723985
0.01001797780670758	-0.018574963095027663
0.01003037629409212	-0.019303421949049413
0.010042774781476659	-0.020023703253927345
0.010055173268861198	-0.020735741862150086
0.010067571756245737	-0.021439589617532156
0.010079970243630276	-0.022135150641531865
0.010092368731014816	-0.022822426208926393
0.010104767218399355	-0.023501395541664232
0.010117165705783894	-0.0241720156993771
0.010129564193168432	-0.02483431277653766
0.01014196268055297	-0.025488213100398286
0.01015436116793751	-0.026133778833549975
0.01016675965532205	-0.02677093975213437
0.010179158142706589	-0.027399634607829005
0.010191556630091128	-0.0280199958083564
0.010203955117475667	-0.02863189010367364
0.010216353604860206	-0.02923530863876229
0.010228752092244746	-0.02983026878170831
0.010241150579629285	-0.030416739344860288
0.010253549067013822	-0.03099488187219034
0.010265947554398362	-0.031564489638833425
0.0102783460417829	-0.03212593900652155
0.01029074452916744	-0.03267864788883127
0.01030314301655198	-0.03322240867526904
0.010315541503936519	-0.033758113361760725
0.010327939991321058	-0.034285419189096396
0.010340338478705597	-0.03480416072750566
0.010352736966090136	-0.03531447592217896
0.010365135453474675	-0.035816438547814994
0.010377533940859215	-0.03630979727856632
0.010389932428243752	-0.036794645697291545
0.010402330915628291	-0.037271063438079684
0.01041472940301283	-0.037739007017658845
0.01042712789039737	-0.038198520700493704
0.01043952637778191	-0.03864959273685853
0.010451924865166448	-0.03909227435323005
0.010464323352550988	-0.039526480674432096
0.010476721839935527	-0.03995239252203687
0.010489120327320066	-0.04036993766164695
0.010501518814704605	-0.04078196956993473
0.010513917302089143	-0.04117998952094401
0.010526315789473682	-0.041572518417569086
0.010538714276858221	-0.04195676065521179
0.01055111276424276	-0.04233276973421389
0.0105635112516273	-0.04270050572195735
0.01057590973901184	-0.04305988656031847
0.010588308226396378	-0.043410999170273426
0.010600706713780918	-0.043753985236444234
0.010613105201165457	-0.044088838865317614
0.010625503688549996	-0.04441550823131995
0.010637902175934535	-0.044733566742184754
0.010650300663319073	-0.04504446754284549
0.010662699150703612	-0.0453468404901228
0.010675097638088151	-0.045641170787297354
0.01068749612547269	-0.04592756530201941
0.01069989461285723	-0.04620588383808705
0.01071229310024177	-0.046476334863490794
0.010724691587626308	-0.04673876938427722
0.010737090075010848	-0.046993193735728564
0.010749488562395387	-0.047239923196356164
0.010761887049779926	-0.04747889636248358
0.010774285537164465	-0.04770999064680892
0.010786684024549003	-0.047933304303893226
0.010799082511933542	-0.04814888691937993
0.010811480999318081	-0.04835679039598741
0.01082387948670262	-0.04855696729864752
0.01083627797408716	-0.04874963304471062
0.0108486764614717	-0.04893477241974482
0.010861074948856238	-0.04911224179354817
0.010873473436240778	-0.049282299085486495
0.010885871923625317	-0.04944498138277707
0.010898270411009856	-0.049600157000444865
0.010910668898394395	-0.04974803100404888
0.010923067385778933	-0.04988841669401704
0.010935465873163472	-0.05002163908438563
0.010947864360548011	-0.05014778368967445
0.01096026284793255	-0.050267158084238456
0.01097266133531709	-0.050378364574565626
0.01098505982270163	-0.05048288132653814
0.010997458310086168	-0.05058053674301472
0.011009856797470708	-0.050670977578213976
0.011022255284855247	-0.050754500459035616
0.011034653772239786	-0.05083121022965914
0.011047052259624324	-0.050901009342479306
0.011059450747008863	-0.0509639986053936
0.011071849234393402	-0.051020223360115344
0.011084247721777941	-0.05106973134257987
0.01109664620916248	-0.05111277379329634
0.01110904469654702	-0.051148754171584605
0.01112144318393156	-0.051178307543116246
0.011133841671316098	-0.051201432504697594
0.011146240158700638	-0.05121812484549037
0.011158638646085177	-0.05122844043120304
0.011171037133469716	-0.05123247330117563
0.011183435620854254	-0.051230174462930274
0.011195834108238793	-0.05122165424711316
0.011208232595623332	-0.05120680148436869
0.011220631083007871	-0.05118584612685872
0.01123302957039241	-0.051158822320048786
0.01124542805777695	-0.05112564943809373
0.01125782654516149	-0.05108664949373726
0.011270225032546028	-0.051041821241168975
0.011282623519930568	-0.05099121002802333
0.011295022007315107	-0.0509346249105465
0.011307420494699644	-0.05087173651666976
0.011319818982084184	-0.05080464812226313
0.011332217469468723	-0.05073075844111012
0.011344615956853262	-0.05065177898065186
0.011357014444237801	-0.050566863156452126
0.01136941293162234	-0.05047672742471807
0.01138181141900688	-0.050381435312879155
0.01139420990639142	-0.05028039771594954
0.011406608393775958	-0.05017420410892266
0.011419006881160498	-0.05006280960966029
0.011431405368545037	-0.04994635558439487
0.011443803855929574	-0.04982475025488571
0.011456202343314114	-0.04969801316936326
0.011468600830698653	-0.0495663517076099
0.011480999318083192	-0.04942992634812851
0.011493397805467731	-0.04928823680283276
0.01150579629285227	-0.04914201901355553
0.01151819478023681	-0.04899099474316946
0.011530593267621349	-0.0488354091075303
0.011542991755005888	-0.0486751150311048
0.011555390242390428	-0.048510280513509446
0.011567788729774967	-0.048340832641714654
0.011580187217159504	-0.048167083143309426
0.011592585704544044	-0.04798897691874195
0.011604984191928583	-0.04780659131030315
0.011617382679313122	-0.047619936171631405
0.011629781166697661	-0.047429159434784554
0.0116421796540822	-0.04723480041866288
0.01165457814146674	-0.0470355640405249
0.011666976628851279	-0.046831688061876146
0.011679375116235818	-0.04662464149363549
0.011691773603620358	-0.046413173437873954
0.011704172091004897	-0.04619865924035898
0.011716570578389434	-0.04598053332616062
0.011728969065773974	-0.04575832679216802
0.011741367553158513	-0.04553251690203564
0.011753766040543052	-0.04530308169766807
0.011766164527927591	-0.04507013898642212
0.01177856301531213	-0.044833701622075076
0.01179096150269667	-0.04459386122093871
0.011803359990081209	-0.0443508274524992
0.011815758477465748	-0.04410423812914526
0.011828156964850288	-0.043854541235103545
0.011840555452234825	-0.043601740505682156
0.011852953939619364	-0.04334602971404603
0.011865352427003904	-0.04308708743686853
0.011877750914388443	-0.042825031210817356
0.011890149401772982	-0.04256019374038151
0.011902547889157521	-0.04229249190606537
0.01191494637654206	-0.042022057821519035
0.0119273448639266	-0.04174839770750758
0.011939743351311139	-0.04147269211864871
0.011952141838695678	-0.041194375813058653
0.011964540326080218	-0.04091332265233826
0.011976938813464755	-0.04062991708014278
0.011989337300849294	-0.04034390857526794
0.012001735788233834	-0.04005553514203674
0.012014134275618373	-0.03976501391720316
0.012026532763002912	-0.03947188764103138
0.012038931250387451	-0.039176950428715364
0.01205132973777199	-0.03887956963353259
0.01206372822515653	-0.03858023442663499
0.012076126712541069	-0.03827890689238296
0.012088525199925608	-0.03797593054979795
0.012100923687310146	-0.03767058507228929
0.012113322174694685	-0.037363149767010696
0.012125720662079224	-0.03705420072230029
0.012138119149463764	-0.03674327866678318
0.012150517636848303	-0.03643096742661387
0.012162916124232842	-0.03611684377935701
0.012175314611617381	-0.035801172707562036
0.01218771309900192	-0.03548397946691973
0.01220011158638646	-0.03516542852026086
0.012212510073770999	-0.03484519982170695
0.012224908561155538	-0.034523803555534444
0.012237307048540076	-0.03420106741370844
0.012249705535924615	-0.03387714954037352
0.012262104023309154	-0.033552002432448845
0.012274502510693694	-0.03322569854654583
0.012286900998078233	-0.03289827315280235
0.012299299485462772	-0.032569731223647085
0.012311697972847311	-0.032240271202787
0.01232409646023185	-0.03190983019620941
0.01233649494761639	-0.03157857429291149
0.012348893435000929	-0.03124652420121858
0.012361291922385468	-0.030913658420960728
0.012373690409770006	-0.030579927453075827
0.012386088897154545	-0.03024559113679077
0.012398487384539084	-0.029910598493871562
0.012410885871923624	-0.029575031282903553
0.012423284359308163	-0.029238930920051903
0.012435682846692702	-0.02890235053262593
0.012448081334077241	-0.028565353899396788
0.01246047982146178	-0.028227971903612866
0.01247287830884632	-0.02789021964479002
0.012485276796230859	-0.027552100702391218
0.012497675283615398	-0.02721504070544963
0.012510073770999936	-0.02687651574665533
0.012522472258384475	-0.02653649146504654
0.012534870745769014	-0.02619764108010529
0.012547269233153554	-0.025858718668463728
0.012559667720538093	-0.025519747205727493
0.012572066207922632	-0.02518084461438251
0.012584464695307171	-0.024841977731433446
0.01259686318269171	-0.024503239568890816
0.01260926167007625	-0.024164656975121615
0.012621660157460789	-0.023826275516443656
0.012634058644845327	-0.02348805188051906
0.012646457132229866	-0.023150095428200432
0.012658855619614405	-0.022812466818908233
0.012671254106998944	-0.022475271832691903
0.012683652594383484	-0.0221384147510897
0.012696051081768023	-0.02180200322730507
0.012708449569152562	-0.02146606445824496
0.012720848056537101	-0.02113065659000885
0.01273324654392164	-0.020795790360473996
0.01274564503130618	-0.020461473028758188
0.012758043518690719	-0.020127882781211172
0.012770442006075257	-0.019794890705840753
0.012782840493459796	-0.01946259465574162
0.012795238980844335	-0.019131075342194107
0.012807637468228874	-0.0188003313884156
0.012820035955613414	-0.018470402368206643
0.012832434442997953	-0.0181414019224401
0.012844832930382492	-0.01781318239049366
0.012857231417767031	-0.017485883839102778
0.01286962990515157	-0.01715952654980248
0.01288202839253611	-0.016834152172328
0.012894426879920647	-0.016509813757424094
0.012906825367305187	-0.01618653323759923
0.012919223854689726	-0.01586439350712254
0.012931622342074265	-0.015543327708945528
0.012944020829458804	-0.015223409979819602
0.012956419316843343	-0.01490464552668572
0.012968817804227883	-0.014587051945533804
0.012981216291612422	-0.014270778744584597
0.012993614778996961	-0.013955790966872746
0.0130060132663815	-0.013642056902257019
0.01301841175376604	-0.013329644513894238
0.013030810241150577	-0.013018540892443132
0.013043208728535116	-0.01270884723934802
0.013055607215919656	-0.012400612206561473
0.013068005703304195	-0.012093765088540884
0.013080404190688734	-0.01178831447779882
0.013092802678073273	-0.011484438262421385
0.013105201165457813	-0.011182032237026436
0.013117599652842352	-0.010881241106848023
0.013129998140226891	-0.010581968442457046
0.01314239662761143	-0.01028427995455406
0.01315479511499597	-0.009988202242809649
0.013167193602380507	-0.00969374354703911
0.013179592089765046	-0.009400978689295928
0.013191990577149586	-0.00910989440891534
0.013204389064534125	-0.008820492612861278
0.013216787551918664	-0.008532842763902522
0.013229186039303203	-0.008246915315691007
0.013241584526687743	-0.007962783130271576
0.013253983014072282	-0.007680368049724268
0.013266381501456821	-0.0073998296343007084
0.01327877998884136	-0.007121041748856905
0.0132911784762259	-0.006844134419632234
0.013303576963610437	-0.006569087279548968
0.013315975450994976	-0.006295921384632806
0.013328373938379516	-0.0060245075824559595
0.013340772425764055	-0.0057553581317948705
0.013353170913148594	-0.005487927951851619
0.013365569400533133	-0.005222456965896686
0.013377967887917673	-0.004959059858572422
0.013390366375302212	-0.004697483735612998
0.013402764862686751	-0.004437960544300778
0.01341516335007129	-0.0041804391808798
0.013427561837455828	-0.00392490555592897
0.013439960324840367	-0.0036714493845565865
0.013452358812224906	-0.0034200446744795552
0.013464757299609446	-0.0031706254012473785
0.013477155786993985	-0.0029234578928440886
0.013489554274378524	-0.0026782817041038757
0.013501952761763063	-0.0024352189408865547
0.013514351249147603	-0.002194270675492621
0.013526749736532142	-0.00195544550602061
0.013539148223916681	-0.0017187451205696812
0.01355154671130122	-0.0014842012733191896
0.013563945198685758	-0.0012518119915988209
0.013576343686070297	-0.0010215894509569847
0.013588742173454836	-0.0007935360494012882
0.013601140660839376	-0.0005676614376416885
0.013613539148223915	-0.00034397967353626214
0.013625937635608454	-0.00012250113608865528
0.013638336122992993	0.00009677141912976448
0.013650734610377533	0.0003138307786705234
0.013663133097762072	0.0005286691318673042
0.013675531585146611	0.0007412797956970209
0.013687930072531149	0.0009516552374995616
0.013700328559915688	0.0011598004429667673
0.013712727047300227	0.0013656955325819025
0.013725125534684766	0.0015693344947074895
0.013737524022069306	0.0017707192738683388
0.013749922509453845	0.0019698612164490803
0.013762320996838384	0.002166715484356648
0.013774719484222923	0.0023613070425025483
0.013787117971607463	0.0025536328198605663
0.013799516458992002	0.0027436849624938946
0.013811914946376541	0.002931460668740162
0.013824313433761079	0.0031169991467613492
0.013836711921145618	0.0033002215575466828
0.013849110408530157	0.0034811674838404966
0.013861508895914696	0.0036598270852461453
0.013873907383299236	0.0038362052670474762
0.013886305870683775	0.0040103045432962284
0.013898704358068314	0.0041821142217283065
0.013911102845452853	0.004351633564696742
0.013923501332837393	0.004518858062484416
0.013935899820221932	0.004683831253484025
0.013948298307606471	0.004846506958454994
0.013960696794991009	0.005006901846769877
0.013973095282375548	0.005165014497115018
0.013985493769760087	0.005320785991964146
0.013997892257144626	0.005474404102351976
0.014010290744529166	0.005625686731309187
0.014022689231913705	0.005774731961709461
0.014035087719298244	0.005921487650786817
0.014047486206682783	0.006065975875674015
0.014059884694067323	0.0062081643052396725
0.014072283181451862	0.006348126360911581
0.014084681668836401	0.006485815146363969
0.014097080156220939	0.006621303902785946
0.014109478643605478	0.00675452261526669
0.014121877130990017	0.006885486973662874
0.014134275618374556	0.007014240543592999
0.014146674105759096	0.007140754258653286
0.014159072593143635	0.007265050801036417
0.014171471080528174	0.007387031626655118
0.014183869567912713	0.0075069695217359275
0.014196268055297253	0.007624680204562915
0.014208666542681792	0.007740134243608946
0.01422106503006633	0.00785339762031125
0.014233463517450869	0.007964510773754785
0.014245862004835408	0.008073380324212268
0.014258260492219947	0.008180214021139944
0.014270658979604486	0.00828465970011789
0.014283057466989026	0.008387059814517213
0.014295455954373565	0.008487312931920668
0.014307854441758104	0.008585414636485336
0.014320252929142643	0.0086814896781615
0.014332651416527183	0.008775381216887639
0.014345049903911722	0.00886714281400598
0.01435744839129626	0.00895682637036163
0.014369846878680799	0.009044419356065212
0.014382245366065338	0.00912993296946795
0.014394643853449877	0.009213368543074762
0.014407042340834416	0.00929473695459329
0.014419440828218956	0.009374047464070114
0.014431839315603495	0.009451319370177253
0.014444237802988034	0.009526560664211576
0.014456636290372573	0.009599800778201278
0.014469034777757113	0.00967101489791022
0.01448143326514165	0.009740251505096147
0.01449383175252619	0.009807442977363866
0.014506230239910729	0.00987268622473432
0.014518628727295268	0.009935959321237383
0.014531027214679807	0.00999727866003418
0.014543425702064346	0.010056671909307188
0.014555824189448886	0.010114124125454892
0.014568222676833425	0.010169513801295023
0.014580621164217964	0.010223138943612558
0.014593019651602503	0.010274880216352996
0.014605418138987043	0.010324890730288628
0.01461781662637158	0.010372844999003367
0.01463021511375612	0.01041897157880853
0.014642613601140659	0.010461666843967456
0.014655012088525198	0.010505740922639263
0.014667410575909737	0.01054634479897356
0.014679809063294276	0.010585225584918895
0.014692207550678816	0.010622299442000053
0.014704606038063355	0.01065759310808604
0.014717004525447894	0.010691125435562592
0.014729403012832433	0.01072291515465893
0.014741801500216973	0.010752951088298109
0.01475419998760151	0.010781263710491729
0.01476659847498605	0.0108078710512372
0.014778996962370589	0.010832793494466812
0.014791395449755128	0.010856049082641987
0.014803793937139667	0.010877640855903314
0.014816192424524206	0.0108975400873241
0.014828590911908746	0.010915794810138043
0.014840989399293285	0.010932472680261233
0.014853387886677824	0.010947545593246817
0.014865786374062363	0.010961063297646264
0.014878184861446903	0.010972924066393316
0.01489058334883144	0.01098327093087125
0.01490298183621598	0.010992081511805862
0.014915380323600519	0.010982339931829068
0.014927778810985058	0.011005136484590875
0.014940177298369597	0.011009387608727527
0.014952575785754136	0.011012148668571177
0.014964974273138676	0.011013388077475383
0.014977372760523215	0.011013229967894831
0.014989771247907754	0.011011634609473304
0.015002169735292293	0.011008618456023415
0.01501456822267683	0.011004184783791447
0.01502696671006137	0.010998419171730644
0.01503936519744591	0.01099141806485027
0.015051763684830449	0.010982857865816441
0.015064162172214988	0.010972686459145441
0.015076560659599527	0.01096142466668569
0.015088959146984066	0.010948833103971116
0.015101357634368606	0.01093487300455494
0.015113756121753145	0.010919748594875336
0.015126154609137684	0.010903245673528666
0.015138553096522223	0.010885545381327291
0.01515095158390676	0.010866623796844043
0.0151633500712913	0.010846448597775647
0.01517574855867584	0.010825112305017853
0.015188147046060379	0.010802527340735404
0.015200545533444918	0.010778750722846469
0.015212944020829457	0.010753869874923485
0.015225342508213996	0.010727820529089509
0.015237740995598536	0.01070063890721935
0.015250139482983075	0.010672348994382026
0.015262537970367614	0.01064295197158165
0.015274936457752152	0.010612472373443779
0.01528733494513669	0.010580912920604734
0.01529973343252123	0.010548310825261727
0.01531213191990577	0.010514702993431668
0.015324530407290309	0.010480053930416733
0.015336928894674848	0.01044433182680759
0.015349327382059387	0.010407711437292612
0.015361725869443926	0.010370087501840486
0.015374124356828466	0.010331526192519369
0.015386522844213005	0.01029199943806223
0.015398921331597544	0.01025176337747408
0.015411319818982082	0.010210103450921841
0.01542371830636662	0.010167891077205872
0.01543611679375116	0.010124743648158761
0.0154485152811357	0.010080691495571807
0.015460913768520239	0.010035837669218905
0.015473312255904778	0.009990148848656642
0.015485710743289317	0.009943630346716404
0.015498109230673856	0.009896315793210358
0.015510507718058395	0.009848237867405997
0.015522906205442935	0.009799341304871768
0.015535304692827474	0.009749677202002387
0.015547703180212012	0.009699264251382178
0.01556010166759655	0.009648106995281201
0.01557250015498109	0.009596205511907055
0.01558489864236563	0.009543653654213556
0.015597297129750168	0.009490411682513822
0.015609695617134708	0.009436497949562792
0.015622094104519247	0.009381936179126034
0.015634492591903786	0.009326729188426476
0.015646891079288325	0.009270888452914008
0.015659289566672865	0.009214431297779371
0.015671688054057404	0.009157389620350535
0.015684086541441943	0.009099733363728066
0.015696485028826482	0.009041423259393068
0.01570888351621102	0.00898264523886318
0.01572128200359556	0.008923348007810018
0.0157336804909801	0.008863514469161081
0.015746078978364636	0.008803111506465561
0.015758477465749175	0.008741958390791811
0.015770875953133714	0.008680879303107156
0.015783274440518254	0.00861903705025091
0.015795672927902793	0.008556652503420454
0.015808071415287332	0.008493887643015308
0.01582046990267187	0.008430729179202094
0.01583286839005641	0.008367117169645411
0.01584526687744095	0.008303101508641806
0.01585766536482549	0.008238671028747082
0.01587006385221003	0.008173869926610079
0.015882462339594568	0.008108711205644084
0.015894860826979107	0.008043200677729742
0.015907259314363646	0.0079773116776927
0.015919657801748185	0.007911128605542843
0.015932056289132725	0.007844627713076905
0.015944454776517264	0.007777787602713086
0.015956853263901803	0.007710650310773705
0.015969251751286342	0.007643210912505492
0.01598165023867088	0.007575538789269863
0.01599404872605542	0.0075076096054974995
0.016006447213439957	0.007439432100623201
0.016018845700824496	0.007371015874557144
0.016031244188209035	0.007302409236178227
0.016043642675593574	0.007233563400654068
0.016056041162978114	0.007164450197370281
0.016068439650362653	0.0070953281099223695
0.016080838137747192	0.007025911868813387
0.01609323662513173	0.0069563526766996935
0.01610563511251627	0.006886643650140222
0.01611803359990081	0.006816794110919367
0.01613043208728535	0.00674636739373815
0.01614283057466989	0.006676806776059968
0.016155229062054428	0.006606507859353519
0.016167627549438967	0.006536207327201364
0.016180026036823506	0.006465802610409898
0.016192424524208045	0.006395398983551314
0.016204823011592585	0.006324884268681271
0.016217221498977124	0.006254315386524346
0.016229619986361663	0.006185140849681807
0.016242018473746202	0.006114462101887395
0.01625441696113074	0.006043755522903733
0.016266815448515277	0.005973037735110993
0.016279213935899817	0.005902319793085057
0.016291612423284356	0.005831608987898324
0.016304010910668895	0.005759567966367446
0.016316409398053434	0.0056889322941281436
0.016328807885437974	0.005618291855691131
0.016341206372822513	0.005547714443836347
0.016353604860207052	0.0054771894019206985
0.01636600334759159	0.005406730061727552
0.01637840183497613	0.0053363609391365195
0.01639080032236067	0.005266034879076397
0.01640319880974521	0.0051958021497578106
0.01641559729712975	0.005125667646345272
0.016427995784514288	0.005055676291033073
0.016440394271898827	0.004985850336242367
0.016452792759283366	0.004916073105347006
0.016465191246667905	0.0048462652392770745
0.016477589734052445	0.0047769262190288115
0.016489988221436984	0.0047074159828294805
0.016502386708821523	0.004638191552464818
0.016514785196206062	0.00456912535151644
0.0165271836835906	0.004500240592256605
0.016539582170975137	0.004431507351710736
0.016551980658359677	0.004363011222698324
0.016564379145744216	0.004294673892078311
0.016576777633128755	0.0042265343141734005
0.016589176120513294	0.004158580774371096
0.016601574607897834	0.004090875682166279
0.016613973095282373	0.00402338168178684
0.016626371582666912	0.003956114745596474
0.01663877007005145	0.003889081075658548
0.01665116855743599	0.003822288949320207
0.01666356704482053	0.003755745286331726
0.01667596553220507	0.0036894724158508525
0.01668836401958961	0.003623445405945171
0.016700762506974148	0.003557674623746641
0.016713160994358687	0.0034922297861670567
0.016725559481743226	0.003427007121407741
0.016737957969127765	0.0033620680181512914
0.016750356456512305	0.0032974197711675176
0.016762754943896844	0.003233078731743176
0.016775153431281383	0.0031690296126330596
0.016787551918665922	0.00310528645447565
0.016799950406050458	0.003041839536223291
0.016812348893434997	0.0029787262370847335
0.016824747380819537	0.0029159368914971244
0.016837145868204076	0.002853492377680556
0.016849544355588615	0.0027913508591960357
0.016861942842973154	0.0027295742766287857
0.016874341330357694	0.002668110208845274
0.016886739817742233	0.002607019734800326
0.016899138305126772	0.0025462665464875615
0.01691153679251131	0.002485868630450618
0.01692393527989585	0.0024258086747476182
0.01693633376728039	0.0023661368197529496
0.01694873225466493	0.002306827845852808
0.01696113074204947	0.002247890656566615
0.016973529229434008	0.0021893299081374483
0.016985927716818547	0.0021311420520460727
0.016998326204203086	0.002073343923821945
0.017010724691587625	0.0020159337905943818
0.017023123178972165	0.0019589198259366792
0.017035521666356704	0.0019022935574435269
0.017047920153741243	0.00184606501186567
0.017060318641125782	0.001790269601654085
0.017072717128510318	0.0017348439654785324
0.017085115615894857	0.0016798312223059069
0.017097514103279397	0.0016252245955416975
0.017109912590663936	0.001571026808030889
0.017122311078048475	0.0015172511968552908
0.017134709565433014	0.001463892873325105
0.017147108052817554	0.001410955393407221
0.017159506540202093	0.0013584400669250174
0.017171905027586632	0.0013063494247882738
0.01718430351497117	0.00125469803086272
0.01719670200235571	0.0012034654210220316
0.01720910048974025	0.0011526570640852415
0.01722149897712479	0.0011022952567719855
0.01723389746450933	0.0010523690628365776
0.017246295951893868	0.0010028824942724922
0.017258694439278407	0.0009538366401712781
0.017271092926662946	0.0009052326463696162
0.017283491414047485	0.0008570727162390613
0.017295889901432025	0.000809353433106276
0.017308288388816564	0.0007620702563410243
0.017320686876201103	0.0007152476872778019
0.01733308536358564	0.0006688971891321169
0.017345483850970178	0.0006229808503726952
0.017357882338354717	0.0005775153069750573
0.017370280825739257	0.0005325012325557144
0.017382679313123796	0.0004879457735202457
0.017395077800508335	0.0004438438812755706
0.017407476287892874	0.0004001980790503083
0.017419874775277414	0.0003570097484018545
0.017432273262661953	0.00031427847081227684
0.017444671750046492	0.0002720060820509353
0.01745707023743103	0.00023019272634219645
0.01746946872481557	0.0001888395672109028
0.01748186721220011	0.0001479468190017398
0.01749426569958465	0.00010751439778806471
0.01750666418696919	0.00006754305570043447
0.017519062674353728	0.000028032897300245064
0.017531461161738267	-0.000011015958118406732
0.017543859649122806	-0.00004960330817923792
0.017556258136507345	-0.00008772935744005794
0.017568656623891885	-0.00012539392252162052
0.017581055111276424	-0.00016259699415400918
0.01759345359866096	-0.0001993389539112591
0.0176058520860455	-0.00023562001854379505
0.017618250573430038	-0.0002714406314580953
0.017630649060814577	-0.00030680105595044246
0.017643047548199117	-0.0003417013751802126
0.017655446035583656	-0.0003761422324910956
0.017667844522968195	-0.0004101241093517777
0.017680243010352734	-0.0004436473138975823
0.017692641497737274	-0.0004767123942561724
0.017705039985121813	-0.0005093206363283474
0.017717438472506352	-0.0005414753717904997
0.01772983695989089	-0.0005731730262367702
0.01774223544727543	-0.0006044162187404366
0.01775463393465997	-0.0006352066615108461
0.01776703242204451	-0.0006655431540850164
0.01777943090942905	-0.0006954327002832698
0.017791829396813588	-0.0007248667128922606
0.017804227884198127	-0.0007538523967132984
0.017816626371582666	-0.0007823866960047454
0.017829024858967205	-0.0008104787600969666
0.017841423346351745	-0.0008381258591950445
0.01785382183373628	-0.0008653271645786327
0.01786622032112082	-0.0008920906784125161
0.01787861880850536	-0.0009183944032068748
0.017891017295889898	-0.0009442738949181286
0.017903415783274437	-0.0009697157832904338
0.017915814270658977	-0.000994717208990128
0.017928212758043516	-0.0010192796944774305
0.017940611245428055	-0.0010434127401191921
0.017953009732812594	-0.001067111412660605
0.017965408220197134	-0.001090389038306643
0.017977806707581673	-0.0011132326570764326
0.017990205194966212	-0.001135649800962635
0.01800260368235075	-0.001157630983598602
0.01801500216973529	-0.0011792040352773822
0.01802740065711983	-0.0012003524623007708
0.01803979914450437	-0.0012210823965719206
0.018052197631888908	-0.0012413963845618258
0.018064596119273447	-0.0012612944393033993
0.018076994606657987	-0.0012807812774038453
0.018089393094042526	-0.0012998576012906884
0.018101791581427065	-0.0013186169030461868
0.018114190068811604	-0.00133688416217232
0.01812658855619614	-0.001354630486429698
0.01813898704358068	-0.0013720851759225266
0.01815138553096522	-0.0013891395021844526
0.018163784018349758	-0.0014058041964197944
0.018176182505734297	-0.0014220639269065067
0.018188580993118836	-0.0014379345544748277
0.018200979480503376	-0.0014534255196176787
0.018213377967887915	-0.0014685206574265473
0.018225776455272454	-0.0014832301800707555
0.018238174942656993	-0.0014975529131226867
0.018250573430041533	-0.001511493035560974
0.018262971917426072	-0.0015250630439191117
0.01827537040481061	-0.001538267857429964
0.01828776889219515	-0.0015510927584534164
0.01830016737957969	-0.0015635524904478225
0.01831256586696423	-0.0015756294933032189
0.018324964354348768	-0.001587353356436063
0.018337362841733307	-0.001598714947199266
0.018349761329117847	-0.0016097175543577501
0.018362159816502386	-0.0016203630428845842
0.018374558303886925	-0.001630655237369752
0.01838695679127146	-0.0016405823669075972
0.018399355278656	-0.0016501751291918992
0.01841175376604054	-0.001659423119096921
0.01842415225342508	-0.0016683419353469365
0.018436550740809618	-0.0016769080670866541
0.018448949228194157	-0.001685140938939226
0.018461347715578696	-0.0016930331241481317
0.018473746202963236	-0.0017005986516571972
0.018486144690347775	-0.0017078345968630604
0.018498543177732314	-0.001714744786630511
0.018510941665116853	-0.0017213325085144358
0.018523340152501393	-0.001727604707781805
0.018535738639885932	-0.0017335608352843992
0.01854813712727047	-0.001739202928836178
0.01856053561465501	-0.0017445328142257476
0.01857293410203955	-0.0017495505878293573
0.01858533258942409	-0.0017542475971558513
0.018597731076808628	-0.0017586535009135908
0.018610129564193167	-0.0017627892071363307
0.018622528051577707	-0.0017666101053607204
0.018634926538962246	-0.001770141664931903
0.018647325026346785	-0.0017733832405544064
0.01865972351373132	-0.0017763368497324837
0.01867212200111586	-0.0017790054406549448
0.0186845204885004	-0.0017814003809571949
0.01869691897588494	-0.001783506038615474
0.018709317463269478	-0.0017853417226337768
0.018721715950654017	-0.00178690588788046
0.018734114438038556	-0.00178810402189409
0.018746512925423096	-0.0017891334502309856
0.018758911412807635	-0.0017898969477672393
0.018771309900192174	-0.0017905385520580943
0.018783708387576713	-0.0017907957501966324
0.018796106874961253	-0.0017907986048177782
0.018808505362345792	-0.001790560695133581
0.01882090384973033	-0.0017900647972093843
0.01883330233711487	-0.0017893188972796642
0.01884570082449941	-0.0017883392919270447
0.01885809931188395	-0.001787121540633851
0.018870497799268488	-0.0017856685900334165
0.018882896286653027	-0.00178398453829565
0.018895294774037567	-0.0017820691404699203
0.018907693261422106	-0.001779927891616533
0.01892009174880664	-0.0017775623140463992
0.01893249023619118	-0.001774976771918373
0.01894488872357572	-0.001772200349663105
0.01895728721096026	-0.0017691866021478625
0.0189696856983448	-0.0017659723930819131
0.018982084185729338	-0.001762545218523701
0.018994482673113877	-0.0017588822224349513
0.019006881160498416	-0.0017550515165301944
0.019019279647882956	-0.0017510212516534892
0.019031678135267495	-0.00174679550194315
0.019044076622652034	-0.0017423732890457964
0.019056475110036573	-0.0017377648256527867
0.019068873597421113	-0.00173296882285473
0.019081272084805652	-0.0017279892494450918
0.01909367057219019	-0.0017227426101022712
0.01910606905957473	-0.0017174133649550932
0.01911846754695927	-0.0017119087271931983
0.01913086603434381	-0.0017062905989359027
0.019143264521728348	-0.0017004373499431816
0.019155663009112887	-0.0016944185196133285
0.019168061496497427	-0.0016882350797369995
0.019180459983881962	-0.0016818913603894074
0.0191928584712665	-0.00167538984220246
0.01920525695865104	-0.0016687218059055283
0.01921765544603558	-0.0016619141628951403
0.01923005393342012	-0.0016549583980905661
0.01924245242080466	-0.0016478571579168365
0.019254850908189198	-0.0016406138028765855
0.019267249395573737	-0.001633229849485555
0.019279647882958276	-0.0016257061974397963
0.019292046370342816	-0.0016180463593851258
0.019304444857727355	-0.001610253878749426
0.019316843345111894	-0.0016025362887161435
0.019329241832496433	-0.0015942867891590926
0.019341640319880973	-0.0015861142290659208
0.019354038807265512	-0.0015778256128753645
0.01936643729465005	-0.0015694189570117276
0.01937883578203459	-0.0015608904266278857
0.01939123426941913	-0.0015522476615309612
0.01940363275680367	-0.0015434956125753368
0.019416031244188208	-0.0015346368818479176
0.019428429731572747	-0.0015256724711808544
0.019440828218957283	-0.0015166028014850753
0.019453226706341822	-0.0015074354257795083
0.01946562519372636	-0.0014981691786259378
0.0194780236811109	-0.00148880733193751
0.01949042216849544	-0.0014793528081140323
0.01950282065587998	-0.001469783322132431
0.01951521914326452	-0.0014601497077131977
0.019527617630649058	-0.0014504317549643986
0.019540016118033597	-0.0014406541555176354
0.019552414605418136	-0.0014307745913338746
0.019564813092802676	-0.0014208152548361207
0.019577211580187215	-0.0014107784410507054
0.019589610067571754	-0.001400663090607412
0.019602008554956293	-0.0013904816976205575
0.019614407042340833	-0.0013802440676416432
0.019626805529725372	-0.001369926849121663
0.01963920401710991	-0.0013595450182110216
0.01965160250449445	-0.0013491020841924519
0.01966400099187899	-0.0013386012841753335
0.01967639947926353	-0.0013280439188441409
0.019688797966648068	-0.001317433257395612
0.019701196454032607	-0.001306769803140722
0.019713594941417143	-0.0012960583559008534
0.019725993428801682	-0.001285319795185497
0.01973839191618622	-0.0012745078826783241
0.01975079040357076	-0.0012636322166408244
0.0197631888909553	-0.0012527364212404754
0.01977558737833984	-0.0012418033617300382
0.01978798586572438	-0.0012308278331042233
0.019800384353108918	-0.0012198131332532675
0.019812782840493457	-0.001208773292196094
0.019825181327877996	-0.0011977287318295298
0.019837579815262536	-0.0011865949335993506
0.019849978302647075	-0.0011754660841276018
0.019862376790031614	-0.0011650105994481293
0.019874775277416153	-0.0011531197864230363
0.019887173764800693	-0.0011419135970432575
0.019899572252185232	-0.001130690861822559
0.01991197073956977	-0.0011194468810450371
0.01992436922695431	-0.0011081866076881998
0.01993676771433885	-0.0010969115266085657
0.01994916620172339	-0.00108562918651152
0.019961564689107928	-0.0010743178614446612
0.019973963176492464	-0.0010630118721974163
0.019986361663877003	-0.0010516981274519333
0.019998760151261542	-0.0010403798807389678
0.02001115863864608	-0.0010290578750853268
0.02002355712603062	-0.0010177322644941904
0.02003595561341516	-0.0010064053334082914
0.0200483541007997	-0.0009950787980491495
0.02006075258818424	-0.000983759736480276
0.020073151075568778	-0.0009724569785016269
0.020085549562953317	-0.0009611412337570673
0.020097948050337856	-0.0009498320113685987
0.020110346537722396	-0.0009385314841300537
0.020122745025106935	-0.0009272365657748918
0.020135143512491474	-0.0009159460012328638
0.020147541999876013	-0.00090468123871402
0.020159940487260553	-0.0008934338648034303
0.020172338974645092	-0.0008822020063243274
0.02018473746202963	-0.0008709871050321669
0.02019713594941417	-0.0008597915183670429
0.02020953443679871	-0.0008486172041992176
0.02022193292418325	-0.0008374612958523465
0.020234331411567788	-0.0008263303621465158
0.020246729898952324	-0.0008152258585974261
0.020259128386336863	-0.0008041462263062329
0.020271526873721402	-0.00079309411687719
0.02028392536110594	-0.0007820715054899477
0.02029632384849048	-0.00077107278394409
0.02030872233587502	-0.0007601088115989279
0.02032112082325956	-0.0007491737798697485
0.0203335193106441	-0.0007382753413543983
0.020345917798028638	-0.0007274108673428769
0.020358316285413177	-0.0007165819572143731
0.020370714772797716	-0.0007057920945250606
0.020383113260182256	-0.0006950278600782407
0.020395511747566795	-0.0006843148429408993
0.020407910234951334	-0.0006736374149144947
0.020420308722335873	-0.0006629988001977504
0.020432707209720413	-0.0006524116652656194
0.020445105697104952	-0.0006418437852865918
0.02045750418448949	-0.0006313366829705088
0.02046990267187403	-0.0006208754752707197
0.02048230115925857	-0.0006104598050459768
0.02049469964664311	-0.0006000912650037578
0.020507098134027645	-0.0005897701734414281
0.020519496621412184	-0.0005794973811657389
0.020531895108796723	-0.000569273840608507
0.020544293596181262	-0.0005590997891987341
0.0205566920835658	-0.0005489765825354489
0.02056909057095034	-0.0005389140271763964
0.02058148905833488	-0.000528896500145536
0.02059388754571942	-0.000518928914709547
0.02060628603310396	-0.0005090158720883069
0.020618684520488498	-0.0004991589694969737
0.020631083007873037	-0.0004893581589366256
0.020643481495257576	-0.0004796149186463234
0.020655879982642115	-0.00046992302204339106
0.020668278470026655	-0.00046029539282263645
0.020680676957411194	-0.00045072824371933715
0.020693075444795733	-0.00044121521179596413
0.020705473932180272	-0.0004317659566806455
0.020717872419564812	-0.00042237425689309766
0.02073027090694935	-0.00041304523904772434
0.02074266939433389	-0.00040377605757723346
0.02075506788171843	-0.00039456635350257444
0.020767466369102965	-0.0003854248238116616
0.020779864856487505	-0.0003763441298162498
0.020792263343872044	-0.0003673345709655184
0.020804661831256583	-0.0003583813317127077
0.020817060318641122	-0.0003494927470328168
0.02082945880602566	-0.00034066924338815364
0.0208418572934102	-0.00033191127201705423
0.02085425578079474	-0.00032321953701507344
0.02086665426817928	-0.0003145933253440328
0.02087905275556382	-0.0003060348232259924
0.020891451242948358	-0.0002975434973466656
0.020903849730332897	-0.00028911218829482055
0.020916248217717436	-0.0002807553158675763
0.020928646705101975	-0.00027246749253623064
0.020941045192486515	-0.00026424896164218675
0.020953443679871054	-0.00025609937247014406
0.020965842167255593	-0.0002480190728540244
0.020978240654640132	-0.0002400098984497776
0.02099063914202467	-0.00023206915822010532
0.02100303762940921	-0.0002241985702961008
0.02101543611679375	-0.0002163982360109118
0.021027834604178286	-0.00020866855508817862
0.021040233091562825	-0.0002010093218350346
0.021052631578947364	-0.00019342175154668243
0.021065030066331904	-0.000185905339205279
0.021077428553716443	-0.0001784604167723498
0.021089827041100982	-0.000171086320183605
0.02110222552848552	-0.00016378355150475674
0.02111462401587006	-0.000156554699225541
0.0211270225032546	-0.00014939573097691572
0.02113942099063914	-0.00014231030470146554
0.02115181947802368	-0.00013529636685454585
0.021164217965408218	-0.000128355214752157
0.021176616452792757	-0.00012148553682211312
0.021189014940177296	-0.00011468892811703566
0.021201413427561835	-0.0001079644895842224
0.021213811914946375	-0.0001013131709394793
0.021226210402330914	-0.0000947344669199095
0.021238608889715453	-0.00008822805886071316
0.021251007377099992	-0.00008179426279826973
0.02126340586448453	-0.0000754330929749078
0.02127580435186907	-0.00006914457442827779
0.02128820283925361	-0.00006292868257214752
0.021300601326638146	-0.00005678558632407792
0.021312999814022685	-0.00005071490064070619
0.021325398301407224	-0.00004471665795282909
0.021337796788791764	-0.00003879122478106659
0.021350195276176303	-0.00003293789648377256
0.021362593763560842	-0.000027156380415442164
0.02137499225094538	-0.00002144746412719313
0.02138739073832992	-0.00001581061644180979
0.02139978922571446	-0.000010245697244695825
0.021412187713099	-4.752682107176973e-6
0.02142458620048354	6.685616289957471e-7
0.021436984687868078	6.018124169267077e-6
0.021449383175252617	0.000011296254446040462
0.021461781662637156	0.000016503095431062752
0.021474180150021695	0.00002163881080942986
0.021486578637406235	0.00002670407639956121
0.021498977124790774	0.00003169814217850933
0.021511375612175313	0.000036621439228408345
0.021523774099559852	0.00004147463476072463
0.02153617258694439	0.0000462575052324978
0.02154857107432893	0.00005097045891963378
0.021560969561713467	0.00005561362869342323
0.021573368049098006	0.00006018725410592896
0.021585766536482545	0.00006469162757838186
0.021598165023867084	0.00006912704732411367
0.021610563511251624	0.00007349492559449077
0.021622961998636163	0.00007779157778384957
0.021635360486020702	0.00008202075618245567
0.02164775897340524	0.0000861826581804938
0.02166015746078978	0.00009027699827271623
0.02167255594817432	0.000094303535286682
0.02168495443555886	0.00009826286913584942
0.0216973529229434	0.00010215529629483384
0.021709751410327938	0.00010598110400590003
0.021722149897712477	0.0001097406986396211
0.021734548385097016	0.00011343438080338709
0.021746946872481555	0.00011706249435299647
0.021759345359866095	0.00012062510241570378
0.021771743847250634	0.00012412315711806594
0.021784142334635173	0.0001275567886862999
0.021796540822019712	0.00013092571801652766
0.02180893930940425	0.00013423054040359592
0.02182133779678879	0.0001374722585290066
0.021833736284173327	0.00014065042292626793
0.021846134771557866	0.0001437656431138309
0.021858533258942405	0.00014681829600923977
0.021870931746326944	0.00014980878257950115
0.021883330233711484	0.00015273740747059588
0.021895728721096023	0.00015560258727438493
0.021908127208480562	0.00015840948248098085
0.0219205256958651	0.00016115524613054583
0.02193292418324964	0.00016384322425569756
0.02194532267063418	0.00016646823649547147
0.02195772115801872	0.00016903452228799872
0.02197011964540326	0.0001715420343331502
0.021982518132787798	0.00017399068031136283
0.021994916620172337	0.00017638168948719927
0.022007315107556876	0.00017871433142350521
0.022019713594941415	0.0001809934331285293
0.022032112082325955	0.0001832122063286722
0.022044510569710494	0.00018537430942076283
0.022056909057095033	0.0001874766312998864
0.022069307544479572	0.00018952735937905136
0.02208170603186411	0.00019152255851909478
0.022094104519248647	0.00019346301564846665
0.022106503006633187	0.00019534910110108317
0.022118901494017726	0.00019718130279905557
0.022131299981402265	0.0001989599709694987
0.022143698468786804	0.00020068563944605425
0.022156096956171344	0.0002023592827474046
0.022168495443555883	0.00020397994028632257
0.022180893930940422	0.00020555094443462196
0.02219329241832496	0.00020706917650951555
0.0222056909057095	0.0002085362572396122
0.02221808939309404	0.0002099530733890973
0.02223048788047858	0.0002113197093786311
0.02224288636786312	0.00021263767625525845
0.022255284855247658	0.00021390635671472274
0.022267683342632197	0.00021512720118440964
0.022280081830016736	0.0002162461342955835
0.022292480317401275	0.0002174242766027659
0.022304878804785815	0.00021850174264013297
0.022317277292170354	0.00021953263562035923
0.022329675779554893	0.00022051728476250426
0.022342074266939432	0.0002214556314172852
0.022354472754323968	0.000222349581021414
0.022366871241708507	0.00022319885775033148
0.022379269729093047	0.0002240051915860164
0.022391668216477586	0.00022476625330141115
0.022404066703862125	0.00022548438572821228
0.022416465191246664	0.0002261560591724751
0.022428863678631204	0.0002267920432949635
0.022441262166015743	0.00022738195146950954
0.022453660653400282	0.00022793114397563297
0.02246605914078482	0.00022843931798229394
0.02247845762816936	0.00022890765989707043
0.0224908561155539	0.0002293346941096848
0.02250325460293844	0.0002297227342262786
0.02251565309032298	0.0002300709770457076
0.022528051577707518	0.00023038127166028578
0.022540450065092057	0.00023065312935994505
0.022552848552476596	0.0002308876335097974
0.022565247039861135	0.00023108105918829528
0.022577645527245675	0.00023124111678727468
0.022590044014630214	0.00023136443190455535
0.022602442502014753	0.00023145279856737514
0.02261484098939929	0.0002315066350723986
0.022627239476783828	0.00023152865079416123
0.022639637964168367	0.0002315126948754558
0.022652036451552907	0.0002314628479861701
0.022664434938937446	0.00023137864556920459
0.022676833426321985	0.00023126317585890946
0.022689231913706524	0.00023111434186606867
0.022701630401091064	0.00023093328948440596
0.022714028888475603	0.00023072121000057382
0.022726427375860142	0.00023047746032657128
0.02273882586324468	0.0002302028811428947
0.02275122435062922	0.00022989706363315006
0.02276362283801376	0.0002295621265886789
0.0227760213253983	0.00022919806246578378
0.02278841981278284	0.00022880511766507753
0.022800818300167378	0.0002283836765850394
0.022813216787551917	0.0002279339474467537
0.022825615274936456	0.00022745663721834941
0.022838013762320995	0.0002269520796446782
0.022850412249705535	0.00022642086716232777
0.022862810737090074	0.0002258638586423946
0.022875209224474613	0.00022528037567676878
0.02288760771185915	0.00022467135981225653
0.022900006199243688	0.00022403826898429664
0.022912404686628227	0.00022337904654330383
0.022924803174012767	0.00022269662459986354
0.022937201661397306	0.0002219906680562633
0.022949600148781845	0.00022126228738434734
0.022961998636166384	0.00022051026838015102
0.022974397123550924	0.00021973578984970963
0.022986795610935463	0.0002189385890813855
0.022999194098320002	0.00021812900212570292
0.02301159258570454	0.00021728843125505909
0.02302399107308908	0.00021642747421162236
0.02303638956047362	0.00021554029652351883
0.02304878804785816	0.0002146398318866106
0.023061186535242698	0.00021372012228652157
0.023073585022627238	0.00021278260706394204
0.023085983510011777	0.00021182395198758922
0.023098381997396316	0.00021084818466854434
0.023110780484780855	0.00020985432696933048
0.023123178972165395	0.0002088428095084053
0.023135577459549934	0.00020781463552260244
0.02314797594693447	0.00020677237090863178
0.02316037443431901	0.00020571015893499178
0.023172772921703548	0.0002046327324250263
0.023185171409088087	0.00020353984645986005
0.023197569896472627	0.00020243211609808872
0.023209968383857166	0.00020130861740835546
0.023222366871241705	0.00020016814716461085
0.023234765358626244	0.00019901592289086164
0.023247163846010784	0.0001978497997712878
0.023259562333395323	0.00019667092015631898
0.023271960820779862	0.000195478444464886
0.0232843593081644	0.00019427343414695291
0.02329675779554894	0.00019305624147792212
0.02330915628293348	0.00019182763773997494
0.02332155477031802	0.00019058667934323647
0.023333953257702558	0.0001893346555271964
0.023346351745087097	0.00018807154880952974
0.023358750232471637	0.0001867979857516753
0.023371148719856176	0.00018551245270723328
0.023383547207240715	0.00018422008411645802
0.023395945694625254	0.00018291577648093943
0.023408344182009794	0.00018160338652221082
0.02342074266939433	0.0001802817392847717
0.02343314115677887	0.00017895179389434577
0.023445539644163408	0.000177613686291563
0.023457938131547947	0.00017626699714822465
0.023470336618932486	0.00017491240995884006
0.023482735106317026	0.00017355043169866628
0.023495133593701565	0.0001721813072539848
0.023507532081086104	0.00017080642398596175
0.023519930568470643	0.00016942420773839143
0.023532329055855183	0.00016803594852849146
0.023544727543239722	0.00016664139149843575
0.02355712603062426	0.00016524166200704464
0.0235695245180088	0.0001638367896110062
0.02358192300539334	0.0001624267074547104
0.02359432149277788	0.00016101128674512232
0.023606719980162418	0.00015959209752937183
0.023619118467546957	0.00015816846260964954
0.023631516954931497	0.00015674099720328525
0.023643915442316036	0.00015530974534720107
0.023656313929700575	0.0001538767588565142
0.023668712417085114	0.0001524395810327978
0.02368111090446965	0.00015099932034676335
0.02369350939185419	0.0001495564427700299
0.02370590787923873	0.0001481111996908097
0.023718306366623268	0.00014666706953247942
0.023730704854007807	0.00014521712584268147
0.023743103341392346	0.00014376320367715344
0.023755501828776886	0.000142310926898764
0.023767900316161425	0.00014085800370853524
0.023780298803545964	0.00013940380419455873
0.023792697290930503	0.00013794796387732222
0.023805095778315043	0.00013649254856488166
0.023817494265699582	0.00013503704685083077
0.02382989275308412	0.0001335840059305078
0.02384229124046866	0.00013212911656278051
0.0238546897278532	0.00013067495035306952
0.02386708821523774	0.00012921817940987976
0.023879486702622278	0.0001277646556172721
0.023891885190006817	0.00012631283174885832
0.023904283677391357	0.0001248632703357799
0.023916682164775896	0.0001234139684918127
0.023929080652160435	0.00012196572870843531
0.02394147913954497	0.00012051997920272197
0.02395387762692951	0.00011907603929843702
0.02396627611431405	0.000117635124515265
0.02397867460169859	0.00011619606508063497
0.023991073089083128	0.00011476016124778451
0.024003471576467667	0.00011332676911747467
0.024015870063852206	0.00011189624827917256
0.024028268551236746	0.00011046919243148878
0.024040667038621285	0.0001090437399629631
0.024053065526005824	0.00010762332460268938
0.024065464013390363	0.0001062066879519839
0.024077862500774903	0.00010479412232874574
0.024090260988159442	0.00010338547813280696
0.02410265947554398	0.00010198075933759645
0.02411505796292852	0.0001005804927997826
0.02412745645031306	0.00009918520562289564
0.0241398549376976	0.0000977942080049902
0.024152253425082138	0.00009640777394615048
0.024164651912466677	0.00009503040582618355
0.024177050399851217	0.00009365011005690143
0.024189448887235756	0.0000922787657726657
0.02420184737462029	0.00009091257528706262
0.02421424586200483	0.00008955202799778603
0.02422664434938937	0.00008819713567656354
0.02423904283677391	0.00008684834923924326
0.02425144132415845	0.00008550523225170836
0.024263839811542988	0.00008416834715932093
0.024276238298927527	0.0000828370905683812
0.024288636786312066	0.00008151213529054198
0.024301035273696606	0.00008019337437778223
0.024313433761081145	0.00007888113925625787
0.024325832248465684	0.00007757574691948595
0.024338230735850223	0.00007627680849747005
0.024350629223234763	0.00007498466632380134
0.024363027710619302	0.00007369835367427866
0.02437542619800384	0.00007241989517648425
0.02438782468538838	0.000071149942387529
0.02440022317277292	0.00006988592259962209
0.02441262166015746	0.00006862825539362009
0.024425020147541998	0.00006737858163715018
0.024437418634926537	0.00006613713421955093
0.024449817122311077	0.00006490254478408684
0.024462215609695616	0.00006367561483749286
0.02447461409708015	0.000056584726749841424
0.02448701258446469	0.00006124490393216955
0.02449941107184923	0.00006004125340562275
0.02451180955923377	0.000058845513853256044
0.02452420804661831	0.00005765774007120029
0.024536606534002848	0.00005647806068498546
0.024549005021387387	0.000055306486620984057
0.024561403508771926	0.00005414189991700695
0.024573801996156466	0.00005298755643027674
0.024586200483541005	0.0000518398138612532
0.024598598970925544	0.00005070137263999638
0.024610997458310083	0.00004957225544507495
0.024623395945694623	0.00004845044428057466
0.024635794433079162	0.000047337383553411035
0.0246481929204637	0.00004623290121639965
0.02466059140784824	0.00004513703673523828
0.02467298989523278	0.00004404964957410816
0.02468538838261732	0.00004297112969669284
0.024697786870001858	0.000041901389725857425
0.024710185357386397	0.00004084043951177993
0.024722583844770937	0.000039788341391921927
0.024734982332155472	0.000038745126669100016
0.02474738081954001	0.000037710810070674476
0.02475977930692455	0.00003668546234783505
0.02477217779430909	0.00003566909125838567
0.02478457628169363	0.00003466162884197346
0.02479697476907817	0.00003366364307186685