0.	0.5
0.00006199243692269542	0.49936985206180934
0.00012398487384539085	0.4974819416306035
0.00018597731076808627	0.4943416618615139
0.0002479697476907817	0.4899574607565681
0.0003099621846134771	0.48434083045251347
0.00037195462153617254	0.4775064789330976
0.00043394705845886797	0.46947217230311844
0.0004959394953815634	0.4602587771880399
0.0005579319323042588	0.449890177251543
0.0006199243692269542	0.4383932035946117
0.0006819168061496497	0.42579759521754973
0.0007439092430723451	0.41213588387124567
0.0008059016799950405	0.3974433462133574
0.0008678941169177359	0.38175787273831885
0.0009298865538404314	0.36511990546887807
0.0009918789907631268	0.34757230565403807
0.0010538714276858221	0.32916024233043467
0.0011158638646085175	0.3099310912275965
0.001177856301531213	0.28993429854495634
0.0012398487384539085	0.26922123657682817
0.0013018411753766038	0.24784509365730953
0.0013638336122992994	0.22586072543965197
0.0014258260492219948	0.20332449771126224
0.0014878184861446902	0.18029416061694406
0.0015498109230673855	0.15682868011535425
0.001611803359990081	0.13298805162553237
0.0016737957969127765	0.10883334652124386
0.0017357882338354719	0.08442613617280814
0.0017977806707581672	0.059828749808373924
0.0018597731076808628	0.03510390094382472
0.0019217655446035582	0.010314569635647398
0.0019837579815262536	-0.014476164483731159
0.002045750418448949	-0.039205286765331616
0.0021077428553716443	-0.06381000873708524
0.0021697352922943397	-0.08822793009648443
0.002231727729217035	-0.112397206800054
0.002293720166139731	-0.13625670198447662
0.002355712603062426	-0.15974616066563216
0.0024177050399851216	-0.1828063141599046
0.002479697476907817	-0.20537912142735593
0.0025416899138305123	-0.22740784413245865
0.0026036823507532077	-0.24883721120833058
0.002665674787675903	-0.26961357154584614
0.002727667224598599	-0.2896850168840231
0.0027896596615212942	-0.309001527371666
0.0028516520984439896	-0.3275150864409021
0.002913644535366685	-0.34517982293184435
0.0029756369722893803	-0.3619521688499244
0.0030376294092120757	-0.37779060296938066
0.003099621846134771	-0.3926565829595424
0.0031616142830574664	-0.40651357477983036
0.003223606719980162	-0.4193283692451913
0.0032855991569028576	-0.43106968911077476
0.003347591593825553	-0.4417095904582219
0.0034095840307482484	-0.4512228106232172
0.0034715764676709437	-0.45958711381434797
0.003533568904593639	-0.4667829978684982
0.0035955613415163345	-0.47279472327338523
0.00365755377843903	-0.4776085552878612
0.0037195462153617256	-0.48121459409494893
0.003781538652284421	-0.48360572818702274
0.0038435310892071164	-0.4847781991841921
0.0039055235261298117	-0.4847312388735635
0.003967515963052507	-0.48346722115899565
0.0040295083999752025	-0.4809915106623583
0.004091500836897898	-0.47731317217047575
0.004153493273820593	-0.4724433907940691
0.004215485710743289	-0.46639688101285787
0.004277478147665984	-0.4591914644799332
0.004339470584588679	-0.4508478495421992
0.004401463021511375	-0.44138932267576825
0.00446345545843407	-0.4308426901028767
0.004525447895356766	-0.41923555832916864
0.004587440332279462	-0.4066009849506259
0.004649432769202157	-0.3929728722099581
0.004711425206124852	-0.3783877415353152
0.004773417643047548	-0.36288473977652014
0.004835410079970243	-0.34650425835674953
0.0048974025168929385	-0.3292925522619511
0.004959394953815634	-0.31129241973247673
0.005021387390738329	-0.29255215093154924
0.005083379827661025	-0.2731208742300792
0.00514537226458372	-0.253049647331207
0.005207364701506415	-0.23239058486675135
0.005269357138429111	-0.21119789137631892
0.005331349575351806	-0.18952599621648433
0.0053933420122745015	-0.16743130281695154
0.005455334449197198	-0.14497080570233029
0.005517326886119893	-0.1222022972615248
0.0055793193230425885	-0.0991841552094669
0.005641311759965284	-0.07597542773363183
0.005703304196887979	-0.05263536476625086
0.0057652966338106746	-0.029223419149095476
0.00582728907073337	-0.00579910229777086
0.005889281507656065	0.017578237326835028
0.005951273944578761	0.04084951259652564
0.006013266381501456	0.06395601104112728
0.006075258818424151	0.08683975353254247
0.006137251255346847	0.10944331260982165
0.006199243692269542	0.1317102311765056
0.0062612361291922375	0.15358506166254002
0.006323228566114933	0.17501355673341917
0.006385221003037628	0.1959425051746192
0.006447213439960324	0.21632054397060238
0.00650920587688302	0.2360975626280348
0.006571198313805715	0.2552251218204263
0.006633190750728411	0.2736569014742113
0.006695183187651106	0.2913481324012308
0.006757175624573801	0.3082561922902454
0.006819168061496497	0.3243405710366031
0.006881160498419192	0.339563005104635
0.0069431529353418875	0.3538877528956296
0.007005145372264583	0.3672812220953757
0.007067137809187278	0.3797119079657949
0.0071291302461099736	0.39115177772239945
0.007191122683032669	0.40157489288161213
0.007253115119955364	0.41095798587350063
0.00731510755687806	0.4192804112044069
0.007377099993800755	0.42652453741572466
0.007439092430723451	0.43267570815864026
0.007501084867646147	0.4377218146863809
0.007563077304568842	0.4416530972002661
0.007625069741491537	0.4444637928480689
0.007687062178414233	0.4461504436219302
0.007749054615336928	0.4467120477913177
0.0078110470522596235	0.446151272866577
0.007873039489182318	0.4444730544328428
0.007935031926105014	0.44168547421772075
0.00799702436302771	0.437799552708493
0.008059016799950405	0.43282849353672465
0.008121009236873101	0.42678861395476864
0.008183001673795796	0.4196989355493398
0.008244994110718492	0.4115811960800268
0.008306986547641186	0.40245898169596833
0.008368978984563883	0.39235921550022723
0.008430971421486577	0.3813110306593669
0.008492963858409273	0.3693453716895587
0.008554956295331968	0.35649605300099435
0.008616948732254664	0.34279847771909133
0.008678941169177359	0.32829039692936723
0.008740933606100055	0.31301161325382365
0.00880292604302275	0.2970031667156231
0.008864918479945446	0.28030851146470176
0.00892691091686814	0.26297223823538995
0.008988903353790836	0.24504048801930087
0.009050895790713533	0.22656108750658188
0.009112888227636227	0.20758261844118372
0.009174880664558923	0.18815482828440494
0.009236873101481618	0.16832848410209114
0.009298865538404314	0.14815541209748634
0.009360857975327009	0.12768787135447643
0.009422850412249705	0.10697864720298171
0.0094848428491724	0.08608099353321426
0.009546835286095096	0.06504855261998815
0.00960882772301779	0.04393490688161773
0.009670820159940486	0.02279380646347015
0.00973281259686318	0.0016787412123158059
0.009794805033785877	-0.01935703341765369
0.009856797470708572	-0.040260665961421936
0.009918789907631268	-0.06097986302739816
0.009980782344553964	-0.08146300805068123
0.010042774781476659	-0.10165936248833916
0.010104767218399355	-0.12151895142240858
0.01016675965532205	-0.14099301804976472
0.010228752092244746	-0.16003389368478754
0.01029074452916744	-0.17859551917260075
0.010352736966090136	-0.19663237695173685
0.01041472940301283	-0.2141016435921791
0.010476721839935527	-0.23096113548627428
0.010538714276858221	-0.24717114484234617
0.010600706713780918	-0.2626932864767455
0.010662699150703612	-0.27749126492685194
0.010724691587626308	-0.29153085259343847
0.010786684024549003	-0.3047796285674949
0.0108486764614717	-0.31720750480254634
0.010910668898394395	-0.3287866599089394
0.01097266133531709	-0.33949155955625443
0.011034653772239786	-0.3492988476483499
0.01109664620916248	-0.3581878359369254
0.011158638646085177	-0.36613946412745785
0.011220631083007871	-0.37313851999623476
0.011282623519930568	-0.3791711079954402
0.011344615956853262	-0.38422643138263024
0.011406608393775958	-0.3882956381851699
0.011468600830698653	-0.391373226317066
0.011530593267621349	-0.3934556298425506
0.011592585704544044	-0.39454207522873064
0.01165457814146674	-0.3946350381457034
0.011716570578389434	-0.39373685363572086
0.01177856301531213	-0.3918560826720698
0.011840555452234825	-0.3890011210331324
0.011902547889157521	-0.38518383693165265
0.011964540326080218	-0.3804181339609466
0.012026532763002912	-0.3747206119013051
0.012088525199925608	-0.3681103789747616
0.012150517636848303	-0.3606067424833944
0.012212510073770999	-0.3522339126963864
0.012274502510693694	-0.34301730898657473
0.01233649494761639	-0.3329835827330753
0.012398487384539084	-0.32216221368829956
0.01246047982146178	-0.31058418301464713
0.012522472258384475	-0.29828204578792267
0.012584464695307171	-0.2852903201235221
0.012646457132229866	-0.2716452228300534
0.012708449569152562	-0.25738424480643163
0.012770442006075257	-0.24254631508873684
0.012832434442997953	-0.2271717527705184
0.012894426879920647	-0.21130162062510743
0.012956419316843343	-0.19497876836754324
0.01301841175376604	-0.17824636571672298
0.013080404190688734	-0.16114843953866492
0.01314239662761143	-0.14373027003082367
0.013204389064534125	-0.12603719848096162
0.013266381501456821	-0.10811531803253091
0.013328373938379516	-0.09001050599108851
0.013390366375302212	-0.07177037408091023
0.013452358812224906	-0.05344054570779999
0.013514351249147603	-0.035068222156030164
0.013576343686070297	-0.01669987531107284
0.013638336122992993	0.0016181967015815415
0.013700328559915688	0.0198400176855848
0.013762320996838384	0.03792008104202655
0.013824313433761079	0.05581354081370293
0.013886305870683775	0.07347617474519201
0.013948298307606471	0.09086459793364357
0.014010290744529166	0.10793635768161414
0.014072283181451862	0.12465005205923287
0.014134275618374556	0.14096531295946033
0.014196268055297253	0.1568431272103685
0.014258260492219947	0.17224571820839535
0.014320252929142643	0.18713613350837763
0.014382245366065338	0.20148026840963737
0.014444237802988034	0.21524445315994614
0.014506230239910729	0.22839704650486678
0.014568222676833425	0.24090761780055453
0.01463021511375612	0.25274899919006805
0.014692207550678816	0.2638940444739122
0.01475419998760151	0.2743185760870012
0.014816192424524206	0.2839999872911359
0.014878184861446903	0.29291782734704425
0.014940177298369597	0.30105404206975
0.015002169735292293	0.3083917867989312
0.015064162172214988	0.3149172849150217
0.015126154609137684	0.3206176508488267
0.015188147046060379	0.3254837690889028
0.015250139482983075	0.329507475562041
0.01531213191990577	0.3326832951303434
0.015374124356828466	0.33500778507333356
0.01543611679375116	0.3364796796790887
0.015498109230673856	0.3371000632274174
0.01556010166759655	0.33687193979244817
0.015622094104519247	0.3358003837226832
0.015684086541441943	0.3338930997204012
0.015746078978364636	0.3311588658077043
0.015808071415287332	0.3276093949063917
0.01587006385221003	0.323258584099161
0.015932056289132725	0.31812157249822665
0.01599404872605542	0.31221510126689106
0.016056041162978114	0.30555874155509616
0.01611803359990081	0.2981742048411386
0.016180026036823506	0.2900831173886394
0.016242018473746202	0.28131734543093884
0.016304010910668895	0.27188220636736016
0.01636600334759159	0.26182537374459913
0.016427995784514288	0.25116921606665127
0.016489988221436984	0.2399436277423981
0.016551980658359677	0.2281803651740907
0.016613973095282373	0.2159119913511804
0.01667596553220507	0.2031726578251832
0.016737957969127765	0.1899970253588578
0.016799950406050458	0.1764203708883693
0.016861942842973154	0.16247981671713949
0.01692393527989585	0.1482121226170124
0.016985927716818547	0.1336554005861084
0.017047920153741243	0.11884800207494245
0.017109912590663936	0.10382881401324734
0.017171905027586632	0.08863657953409006
0.01723389746450933	0.0733107079911076
0.017295889901432025	0.057890631519017695
0.017357882338354717	0.04241577632279534
0.017419874775277414	0.026925423389462962
0.01748186721220011	0.011458683185499315
0.017543859649122806	-0.0039455768497437226
0.0176058520860455	-0.019248920650232107
0.017667844522968195	-0.03441339642399195
0.01772983695989089	-0.04940160970869919
0.017791829396813588	-0.06417688509544424
0.01785382183373628	-0.07870319823369744
0.017915814270658977	-0.092945445501669
0.017977806707581673	-0.10686948637966083
0.01803979914450437	-0.1204420560864778
0.018101791581427065	-0.133632150803834
0.018163784018349758	-0.14640583115705294
0.018225776455272454	-0.15873644910248122
0.01828776889219515	-0.1705945369735126
0.018349761329117847	-0.18195313112546294
0.01841175376604054	-0.19278645623706336
0.018473746202963236	-0.20307089984036705
0.018535738639885932	-0.21278342702147868
0.018597731076808628	-0.221902771709021
0.01865972351373132	-0.23041069006427195
0.018721715950654017	-0.23828846542491738
0.018783708387576713	-0.24552084223048404
0.01884570082449941	-0.2520929164101224
0.018907693261422106	-0.257992312559106
0.0189696856983448	-0.26320875724819714
0.019031678135267495	-0.2677325108067553
0.01909367057219019	-0.271555962415806
0.019155663009112887	-0.2746775450537936
0.01921765544603558	-0.27708946869340884
0.019279647882958276	-0.27879198547593786
0.019341640319880973	-0.2797847482148885
0.01940363275680367	-0.28006998833701807
0.01946562519372636	-0.2796512059595112
0.019527617630649058	-0.2785334034115853
0.019589610067571754	-0.2767251094808741
0.01965160250449445	-0.2742340743474907
0.019713594941417143	-0.2710713008616611
0.01977558737833984	-0.26724891013753527
0.019837579815262536	-0.262780572188492
0.019899572252185232	-0.25768177024830047
0.019961564689107928	-0.251969068181799
0.02002355712603062	-0.24566146412599926
0.020085549562953317	-0.23877852591995635
0.020147541999876013	-0.2313396564615335
0.02020953443679871	-0.22336905437360935
0.020271526873721402	-0.21488944832333218
0.0203335193106441	-0.20592547473305847
0.020395511747566795	-0.19650292568349215
0.02045750418448949	-0.18664807772133127
0.020519496621412184	-0.17638943246704128
0.02058148905833488	-0.16575502667432707
0.020643481495257576	-0.15477337838728286
0.020705473932180272	-0.14347505724439868
0.020767466369102965	-0.13189038722122814
0.02082945880602566	-0.12005065124288374
0.020891451242948358	-0.10798675669347614
0.020953443679871054	-0.09573054383518548
0.02101543611679375	-0.08331485766266444
0.021077428553716443	-0.07077154986590341
0.02113942099063914	-0.05813303570226412
0.021201413427561835	-0.04543176605922124
0.02126340586448453	-0.032700185142791896
0.021325398301407224	-0.019970497567613037
0.02138739073832992	-0.007274756929542351
0.021449383175252617	0.005355297213333162
0.021511375612175313	0.017888322359341405
0.021573368049098006	0.03029340277405796
0.021635360486020702	0.04254013774888639
0.0216973529229434	0.054598818181805744
0.021759345359866095	0.06644023586060478
0.02182133779678879	0.07803614430500079
0.021883330233711484	0.08935883875226176
0.02194532267063418	0.10038171260027556
0.022007315107556876	0.11107905760904968
0.022069307544479572	0.12142615047058578
0.022131299981402265	0.1313992566586772
0.02219329241832496	0.14097592538527992
0.022255284855247658	0.15013438806993715
0.022317277292170354	0.15885466422260489
0.022379269729093047	0.16711769837936213
0.022441262166015743	0.17490572937570345
0.02250325460293844	0.1822024393340368
0.022565247039861135	0.18899235524306257
0.022627239476783828	0.1952628832839598
0.022689231913706524	0.20100101571742116
0.02275122435062922	0.20619603367290806
0.022813216787551917	0.21083858267447225
0.022875209224474613	0.21492069314897638
0.022937201661397306	0.21843586073472795
0.022999194098320002	0.2213801744118474
0.023061186535242698	0.22374734801267637
0.023123178972165395	0.22553820676766886
0.023185171409088087	0.22675157959997697
0.023247163846010784	0.22738737648318053
0.02330915628293348	0.22744897504734396
0.023371148719856176	0.22693959323435947
0.02343314115677887	0.22586508424009386
0.023495133593701565	0.22423146708196257
0.02355712603062426	0.22204697743072488
0.023619118467546957	0.21932078366822472
0.02368111090446965	0.21606390079342858
0.023743103341392346	0.21228767092924397
0.023805095778315043	0.20800541508258752
0.02386708821523774	0.20323171672421483
0.023929080652160435	0.19798180347836808
0.023991073089083128	0.19227217139809216
0.024053065526005824	0.18612013701885619
0.02411505796292852	0.17954491178311424
0.024177050399851217	0.17256579912850054
0.02423904283677391	0.16520285413173746
0.024301035273696606	0.1574776344686418
0.024363027710619302	0.1494118273863089
0.024425020147541998	0.14102856164941538
0.02448701258446469	0.13235103488915798
0.024549005021387387	0.12340295731603675
0.024610997458310083	0.11420879568006548
0.02467298989523278	0.10479343841616966
0.024734982332155472	0.09518223348636116
0.02479697476907817	0.08540078634210034
0.024858967206000865	0.07547492583849019
0.02492095964292356	0.06543046981740386
0.024982952079846257	0.05529364429745206
0.02504494451676895	0.045090759191599834
0.025106936953691646	0.034847751242835213
0.025168929390614343	0.02459082703101501
0.02523092182753704	0.014345779965530077
0.02529291426445973	0.004138281190046327
0.025354906701382428	-0.006006175521797256
0.025416899138305124	-0.01606601769368363
0.02547889157522782	-0.026006158690320365
0.025540884012150513	-0.035812862775840074
0.02560287644907321	-0.045458977427630574
0.025664868885995906	-0.054921161590926526
0.025726861322918602	-0.06417726933102741
0.025788853759841295	-0.07320507469680229
0.02585084619676399	-0.08198428474635974
0.025912838633686687	-0.09049406311031177
0.025974831070609383	-0.09871468836930677
0.02603682350753208	-0.10662818664872842
0.026098815944454772	-0.11421663183066329
0.02616080838137747	-0.12146295418093095
0.026222800818300165	-0.1283520506857129
0.02628479325522286	-0.13486901513686628
0.026346785692145554	-0.14100003245812703
0.02640877812906825	-0.14673245772899074
0.026470770565990946	-0.152054978635582
0.026532763002913642	-0.1569570519817222
0.026594755439836335	-0.16142970947052707
0.02665674787675903	-0.16546409350217897
0.026718740313681728	-0.16905425097437166
0.026780732750604424	-0.17219393909358208
0.02684272518752712	-0.17487845064284033
0.026904717624449813	-0.17710471197109132
0.02696671006137251	-0.17887031329007055
0.027028702498295205	-0.18017421324864133
0.0270906949352179	-0.18101677535005808
0.027152687372140594	-0.18139892459336562
0.02721467980906329	-0.18132374885059097
0.027276672245985987	-0.1807939363873968
0.027338664682908683	-0.17981488942812968
0.027400657119831376	-0.17839220038076634
0.027462649556754072	-0.17653276129875298
0.02752464199367677	-0.17424448706329368
0.027586634430599465	-0.1715366887144309
0.027648626867522157	-0.1684176112450049
0.027710619304444854	-0.1649005986328729
0.02777261174136755	-0.16099682463780696
0.027834604178290246	-0.15671792095124862
0.027896596615212942	-0.15207819757351
0.027958589052135635	-0.1470918784768034
0.02802058148905833	-0.14177429724032994
0.028082573925981028	-0.1361411214253953
0.028144566362903724	-0.13020913119111402
0.028206558799826417	-0.12399530595390791
0.028268551236749113	-0.11751740589624239
0.02833054367367181	-0.11079383505823945
0.028392536110594505	-0.10384296680041818
0.028454528547517198	-0.0966845848807985
0.028516520984439894	-0.08933765887617195
0.02857851342136259	-0.08182262764995277
0.028640505858285287	-0.07415940315148627
0.02870249829520798	-0.06636833568085017
0.028764490732130676	-0.05847029605541277
0.028826483169053372	-0.0504856682652719
0.028888475605976068	-0.0424352943640847
0.028950468042898764	-0.034339846894898725
0.029012460479821457	-0.026220096723517407
0.029074452916744153	-0.018096636892790445
0.02913644535366685	-0.009989897134940235
0.029198437790589546	-0.001920156030288151
0.02926043022751224	0.00609257071921154
0.029322422664434935	0.014028592372258985
0.02938441510135763	0.021868367330227678
0.029446407538280327	0.029593353354460505
0.02950839997520302	0.037184588433037
0.029570392412125716	0.04462416200724067
0.029632384849048413	0.051894548230379055
0.02969437728597111	0.058978724887774676
0.029756369722893805	0.0658603648798691
0.029818362159816498	0.07252359954482605
0.029880354596739194	0.07895363992948534
0.02994234703366189	0.08513577750286723
0.030004339470584587	0.09105703494987318
0.03006633190750728	0.09670315843203046
0.030128324344429976	0.10206326848998791
0.030190316781352672	0.10712489940640091
0.030252309218275368	0.11188051971469763
0.03031430165519806	0.1163177103533544
0.030376294092120757	0.12042838613742428
0.030438286529043453	0.12420517909226216
0.03050027896596615	0.12763771219893924
0.030562271402888842	0.1307299059960715
0.03062426383981154	0.13346631245546
0.030686256276734235	0.13584673642471248
0.03074824871365693	0.13786922048369318
0.030810241150579627	0.13952887074926776
0.03087223358750232	0.14082540477835867
0.030934226024425016	0.141759421180707
0.030996218461347712	0.14232998667699368
0.03105821089827041	0.14253911449977227
0.0311202033351931	0.14238438562587497
0.031182195772115798	0.14188321685749836
0.031244188209038494	0.1410259915333042
0.03130618064596119	0.13982135143333965
0.031368173082883886	0.13827544070294828
0.03143016551980658	0.1363938354917817
0.03149215795672927	0.13418589080409224
0.03155415039365197	0.13165891337342472
0.031616142830574664	0.12882193585893767
0.03167813526749736	0.12568407631033096
0.03174012770442006	0.12225560007840866
0.03180212014134275	0.11854729617209149
0.03186411257826545	0.11457159067832043
0.031926105015188146	0.11033977086437842
0.03198809745211084	0.10586490821419552
0.03205008988903353	0.10115977867936368
0.03211208232595623	0.09623862532413997
0.032174074762878924	0.09111511429244532
0.03223606719980162	0.08580396104517139
0.032298059636724316	0.08031978738377085
0.03236005207364701	0.07467788143691982
0.03242204451056971	0.06889371259661697
0.032484036947492405	0.06298284369285823
0.032546029384415094	0.05696125095212079
0.03260802182133779	0.05084484846306981
0.03267001425826049	0.04464993414804482
0.03273200669518318	0.03839257424734934
0.03279399913210588	0.03208902390714157
0.032855991569028575	0.025755530882395867
0.03291798400595127	0.01940822650884065
0.03297997644287397	0.013063211639433237
0.033041968879796664	0.0067364263345477205
0.03310396131671935	0.0004435324946244647
0.03316595375364205	-0.005799832114171905
0.033227946190564746	-0.011978392475947328
0.03328993862748744	-0.018077109949548167
0.03335193106441014	-0.02408130526493072
0.033413923501332835	-0.02997667771679011
0.03347591593825553	-0.035749305895280775
0.03353790837517823	-0.04138563823612326
0.033599900812100916	-0.046872710050228264
0.03366189324902361	-0.05219744050439162
0.03372388568594631	-0.057348628284035016
0.033785878122869005	-0.0623138730677256
0.0338478705597917	-0.0671381049599133
0.0339098629967144	-0.07164489492028127
0.033971855433637094	-0.07599007178932628
0.03403384787055979	-0.08010930715709207
0.034095840307482486	-0.08399410755024986
0.034157832744405175	-0.0876365471009358
0.03421982518132787	-0.09102719765556964
0.03428181761825057	-0.09416699067670616
0.034343810055173264	-0.09704232282466302
0.03440580249209596	-0.09965119490981142
0.03446779492901866	-0.1019884900818543
0.03452978736594135	-0.1040504675870634
0.03459177980286405	-0.10583505439555264
0.03465377223978674	-0.10733945850576247
0.034715764676709435	-0.10856233284672759
0.03477775711363213	-0.10950288261193879
0.03483974955055483	-0.11016102839029412
0.03490174198747752	-0.1105373832461053
0.03496373442440022	-0.11063324460987382
0.035025726861322916	-0.11045111055404497
0.03508771929824561	-0.1099930527375823
0.03514971173516831	-0.10926314589324757
0.035211704172091	-0.10826458022746546
0.035273696609013694	-0.10700305038554604
0.03533568904593639	-0.10548390881572682
0.035397681482859086	-0.10371212515079822
0.03545967391978178	-0.10169495863680884
0.03552166635670448	-0.09943911736523858
0.035583658793627175	-0.0969525882307837
0.03564565123054987	-0.09424329213512193
0.03570764366747256	-0.0913198627607529
0.03576963610439526	-0.08819141387385858
0.03583162854131795	-0.08486758794834204
0.03589362097824065	-0.0813583943610851
0.035955613415163346	-0.07767435035244287
0.03601760585208604	-0.07382588067728184
0.03607959828900874	-0.06982393926222488
0.036141590725931434	-0.06567982548541332
0.03620358316285413	-0.061405825416250975
0.03626557559977682	-0.05701261247770159
0.036327568036699516	-0.0525131892846691
0.03638956047362221	-0.04791944614320878
0.03645155291054491	-0.04324340588911149
0.036513545347467605	-0.03849789328043566
0.0365755377843903	-0.03369522217926602
0.036637530221313	-0.028848099544967854
0.03669952265823569	-0.023968931407199478
0.03676151509515839	-0.019070373906967197
0.03682350753208108	-0.014164612695741478
0.036885499969003775	-0.009264393190513377
0.03694749240592647	-0.004381797801439429
0.03700948484284917	0.0004709999641652519
0.037071477279771864	0.00528207787392017
0.03713346971669456	0.010039644329275312
0.037195462153617256	0.014732336814208881
0.03725745459053995	0.019348741936230856
0.03731944702746264	0.02387785854554634
0.03738143946438534	0.028308954358128066
0.037443431901308034	0.0326324890521728
0.03750542433823073	0.03683757170824383
0.03756741677515343	0.040914979970609174
0.03762940921207612	0.044855460181539346
0.03769140164899882	0.048650371063711444
0.037753394085921516	0.05229119095996484
0.03781538652284421	0.05577031648042297
0.0378773789597669	0.05908055745691903
0.0379393713966896	0.06221404029029972
0.038001363833612294	0.06516549871217385
0.03806335627053499	0.06792848164433406
0.038125348707457686	0.07049785622399272
0.03818734114438038	0.07286858216472245
0.03824933358130308	0.07503656221693641
0.038311326018225775	0.07699799153371763
0.038373318455148464	0.07874968952111705
0.03843531089207116	0.08028893656821541
0.03849730332899386	0.08161369097090507
0.03855929576591655	0.0827230894475075
0.03862128820283925	0.08361430013003286
0.038683280639761945	0.08428890465941696
0.03874527307668464	0.08474623783046092
0.03880726551360734	0.08498715434821662
0.038869257950530034	0.08501292593375119
0.03893125038745272	0.08482511702968527
0.03899324282437542	0.08442599470640065
0.039055235261298116	0.08381843636268915
0.03911722769822081	0.08300606319925984
0.03917922013514351	0.0819922664531233
0.039241212572066204	0.08078100542102001
0.0393032050089889	0.07937717911627067
0.0393651974459116	0.07778645042574665
0.039427189882834286	0.07601399584175415
0.03948918231975698	0.0740664546863976
0.03955117475667968	0.07194926965146528
0.039613167193602375	0.06966962858779183
0.03967515963052507	0.06723456653351145
0.03973715206744777	0.06464963638550517
0.039799144504370464	0.06192822557543018
0.03986113694129316	0.05907322134264269
0.039923129378215856	0.056094282040720735
0.039985121815138545	0.052999751678411956
0.04004711425206124	0.04979877676008419
0.04010910668898394	0.04650077583827902
0.040171099125906634	0.04311398549790608
0.04023309156282933	0.03964803150470189
0.04029508399975203	0.03611230294492254
0.04035707643667472	0.032516181495670954
0.04041906887359742	0.028869282008171817
0.04048106131052011	0.025181325981792714
0.040543053747442805	0.021461927498235046
0.0406050461843655	0.017720586225074192
0.0406670386212882	0.01396684057857019
0.04072903105821089	0.010210318271529635
0.04079102349513359	0.006460498890701566
0.040853015932056286	0.0027267185791947112
0.04091500836897898	-0.0009817828706932858
0.04097700080590168	-0.004655901866403794
0.04103899324282437	-0.008286722196386112
0.041100985679747064	-0.011865384953967583
0.04116297811666976	-0.01538350885361312
0.041224970553592456	-0.01883265819049306
0.04128696299051515	-0.022204705676324137
0.04134895542743785	-0.02549218852908929
0.041410947864360545	-0.02868716868730671
0.04147294030128324	-0.03178255613184658
0.04153493273820593	-0.03477265798925068
0.04159692517512863	-0.03764719505965884
0.04165891761205132	-0.04040373809684106
0.04172091004897402	-0.04303510406189838
0.041782902485896715	-0.045535653805259
0.04184489492281941	-0.04790026192510242
0.04190688735974211	-0.05012421441377727
0.041968879796664804	-0.05220336660676508
0.0420308722335875	-0.05413322280503089
0.04209286467051019	-0.05591169212067936
0.042154857107432886	-0.05753202751895058
0.04221684954435558	-0.05899516673382821
0.04227884198127828	-0.060297728162175566
0.042340834418200975	-0.06143758938930308
0.04240282685512367	-0.062413384896739706
0.04246481929204637	-0.06322412496823585
0.04252681172896906	-0.06386909693104417
0.04258880416589175	-0.06434808062023889
0.04265079660281445	-0.06466153557949063
0.042712789039737145	-0.06481006320400191
0.04277478147665984	-0.06479250510086432
0.04283677391358254	-0.06461677130418149
0.042898766350505234	-0.06427832058917148
0.04296075878742793	-0.06378162455352293
0.043022751224350626	-0.06312910129886555
0.04308474366127332	-0.062323842973503
0.04314673609819601	-0.06136922671907438
0.04320872853511871	-0.06026902675262501
0.043270720972041404	-0.05902715298368388
0.0433327134089641	-0.05764803380290262
0.0433947058458868	-0.0561364314426615
0.04345669828280949	-0.05449713873720762
0.04351869071973219	-0.052735274818671414
0.043580683156654886	-0.050856390331352315
0.04364267559357758	-0.04886650705139422
0.04370466803050027	-0.046771452854215426
0.04376666046742297	-0.04457736228137122
0.043828652904345664	-0.04229060762349926
0.04389064534126836	-0.03991769783786372
0.043952637778191056	-0.03746561390325878
0.04401463021511375	-0.03494094747944824
0.04407662265203645	-0.03235081593063577
0.044138615088959145	-0.029702185350885087
0.044200607525881834	-0.027002278536806548
0.04426259996280453	-0.02425837223715674
0.044324592399727226	-0.021477586467381543
0.04438658483664992	-0.01866741370151506
0.04444857727357262	-0.015835111936401122
0.044510569710495315	-0.012987991359497722
0.04457256214741801	-0.01013332364795152
0.04463455458434071	-0.007278357145918437
0.044696547021263404	-0.004430265039815926
0.04475853945818609	-0.001596136713990439
0.04482053189510879	0.0012170179465680353
0.044882524332031486	0.0040023279284505196
0.04494451676895418	0.006753042447956125
0.04500650920587688	0.009462533463729342
0.045068501642799574	0.012124329989233669
0.04513049407972227	0.014732236464707192
0.04519248651664497	0.01728024898277099
0.045254478953567656	0.01976234796273237
0.04531647139049035	0.022173051108553297
0.04537846382741305	0.024506691360081857
0.045440456264335745	0.02675816793358665
0.04550244870125844	0.028922555375007094
0.04556444113818114	0.030995323179735967
0.045626433575103834	0.032971857793832514
0.04568842601202653	0.03484813304858948
0.045750418448949226	0.03662045319264639
0.045812410885871915	0.03828490963089185
0.04587440332279461	0.039838636204194644
0.04593639575971731	0.04127892588057097
0.045998388196640004	0.042602675629932786
0.0460603806335627	0.04380781624273056
0.046122373070485397	0.044892303035001406
0.04618436550740809	0.04585421474933969
0.04624635794433079	0.04669299063484752
0.04630835038125348	0.04740707816357511
0.046370342818176175	0.04799572236063319
0.04643233525509887	0.048458424948919075
0.04649432769202157	0.048795907593772066
0.04655632012894426	0.04900771684223159
0.04661831256586696	0.04909476631545291
0.046680305002789656	0.04905729800637804
0.04674229743971235	0.048897719611780265
0.04680428987663505	0.048616572971407764
0.04686628231355774	0.04821584462263018
0.046928274750480434	0.047697799613760264
0.04699026718740313	0.04706467436671469
0.047052259624325826	0.04631902247349451
0.04711425206124852	0.045464006482479766
0.04717624449817122	0.044502328075837136
0.047238236935093915	0.04343748991485971
0.04730022937201661	0.04227316007223489
0.0473622218089393	0.04101318124836054
0.047424214245862	0.039661565000987845
0.04748620668278469	0.03822241255680245
0.04754819911970739	0.036700220714980025
0.047610191556630085	0.03509946778335605
0.04767218399355278	0.033424937160454485
0.04773417643047548	0.03168150552389602
0.047796168867398174	0.029874303861231414
0.04785816130432087	0.028008102311174444
0.04792015374124356	0.026088471567314
0.047982146178166256	0.024120247381937434
0.04804413861508895	0.022109338802587437
0.04810613105201165	0.020060941838483178
0.048168123488934345	0.01798052383652231
0.04823011592585704	0.01587363420336766
0.04829210836277974	0.013745793632164893
0.04835410079970243	0.011602196758656001
0.04841609323662512	0.009449333903137618
0.04847808567354782	0.007291699870029039
0.048540078110470515	0.0051352340075592594
0.04860207054739321	0.002985151780350754
0.04866406298431591	0.0008469081876033242
0.048726055421238604	-0.0012742599209049428
0.0487880478581613	-0.003373172802944846
0.048850040295083996	-0.005444771323796775
0.04891203273200669	-0.0074840862286177775
0.04897402516892938	-0.009486316658133409
0.04903601760585208	-0.011446622770968416
0.049098010042774774	-0.013360658452885492
0.04916000247969747	-0.015223957298623435
0.04922199491662017	-0.01703230278444517
0.04928398735354286	-0.018781700983327487
0.04934597979046556	-0.020468152509055888
0.049407972227388255	-0.02208805205929621
0.049469964664310945	-0.023637942095926213
0.04953195710123364	-0.025114529186759098
0.04959394953815634	-0.026514772100012008
0.04965594197507903	-0.027835698268258196
0.04971793441200173	-0.029075052168754195
0.049779926848924426	-0.03023019207582082
0.04984191928584712	-0.03129901968880815
0.04990391172276982	-0.032279595087903214
0.049965904159692515	-0.0331704283628616
0.050027896596615204	-0.03396990370259957
0.0500898890335379	-0.03467705544840187
0.050151881470460596	-0.035290465905544556
0.05021387390738329	-0.03580996946566847
0.05027586634430599	-0.036234904740114635
0.050337858781228685	-0.03656488128813638
0.05039985121815138	-0.03680021758232333
0.05046184365507408	-0.03694111089635886
0.05052383609199677	-0.03698823226972903
0.05058582852891946	-0.03694198672747905
0.05064782096584216	-0.03680329963712174
0.050709813402764856	-0.036573503372854435
0.05077180583968755	-0.036254001478055985
0.05083379827661025	-0.03584464664055495
0.050895790713532944	-0.03535241435300985
0.05095778315045564	-0.034774453393323086
0.05101977558737834	-0.034114324374733655
0.051081768024301026	-0.033374574137488636
0.05114376046122372	-0.032557706488161864
0.05120575289814642	-0.031666552190653396
0.051267745335069115	-0.030704030732787425
0.05132973777199181	-0.029673139520161748
0.05139173020891451	-0.02857708810885916
0.051453722645837204	-0.027419322360691244
0.0515157150827599	-0.026203458907929612
0.05157770751968259	-0.024932660338376773
0.051639699956605285	-0.02361083000870154
0.05170169239352798	-0.022241757654502325
0.05176368483045068	-0.020829131263286543
0.051825677267373374	-0.01937716741870399
0.05188766970429607	-0.01788987751869044
0.051949662141218766	-0.01637117264116484
0.05201165457814146	-0.014825203685709786
0.05207364701506416	-0.013256062473279024
0.05213563945198685	-0.011667929316869793
0.052197631888909544	-0.010064970321198654
0.05225962432583224	-0.008451330038974672
0.05232161676275494	-0.006831109764497421
0.05238360919967763	-0.0052086469535120045
0.05244560163660033	-0.003587802699359184
0.052507594073523026	-0.0019727489509450686
0.05256958651044572	-0.00036744845455225205
0.05263157894736842	0.0012241442495699293
0.05269357138429111	0.002798132804938497
0.052755563821213804	0.0043507799972131115
0.0528175562581365	0.005878331896312449
0.052879548695059196	0.0073772038886929835
0.05294154113198189	0.008843864187863863
0.05300353356890459	0.01027494528252741
0.053065526005827285	0.011667226196909714
0.05312751844274998	0.013017436366854249
0.05318951087967267	0.014322702424453666
0.05325150331659537	0.015580017357428803
0.05331349575351806	0.016786782027953705
0.05337548819044076	0.017940395449410753
0.053437480627363455	0.019038431861401084
0.05349947306428615	0.020078630013534878
0.05356146550120885	0.021059107999363405
0.053623457938131544	0.021977422119369008
0.05368545037505424	0.022832302110482375
0.05374744281197693	0.02362211426870729
0.053809435248899626	0.02434554758412541
0.05387142768582232	0.025000934174813857
0.05393342012274502	0.025587697320443907
0.053995412559667715	0.02610491717600088
0.05405740499659041	0.026551865726049614
0.05411939743351311	0.026928068448063787
0.0541813898704358	0.027233211684504648
0.05424338230735849	0.02746722384369673
0.05430537474428119	0.027630145074299162
0.054367367181203885	0.027722260046604812
0.05442935961812658	0.027743896546202816
0.05449135205504928	0.02769548270378314
0.054553344491971974	0.027578426944037174
0.05461533692889467	0.02739303510720203
0.054677329365817366	0.027140575107976222
0.05473932180274006	0.02682226344046298
0.05480131423966275	0.026439593761538115
0.05486330667658545	0.025993947587669843
0.054925299113508144	0.025487379900799877
0.05498729155043084	0.024921412666435376
0.05504928398735354	0.02429809194773554
0.05511127642427623	0.023619480556560404
0.05517326886119893	0.022887772323606184
0.055235261298121625	0.022105300135767194
0.055297253735044315	0.021274639740455667
0.05535924617196701	0.0203982170012604
0.05542123860888971	0.019478652297589927
0.0554832310458124	0.018518647890080994
0.0555452234827351	0.0175209974378232
0.055607215919657796	0.016488536344312736
0.05566920835658049	0.015424203209052348
0.05573120079350319	0.014330969955310021
0.055793193230425885	0.013211808060298322
0.055855185667348574	0.012069783140792031
0.05591717810427127	0.01090791691057452
0.055979170541193966	0.009729472723112817
0.05604116297811666	0.00853742648398858
0.05610315541503936	0.007334889364384568
0.056165147851962055	0.006125065922290657
0.05622714028888475	0.004911026487172804
0.05628913272580745	0.0036958386678113786
0.05635112516273014	0.0024825849605025862
0.05641311759965283	0.0012742856661725754
0.05647511003657553	0.00007393728956822119
0.056537102473498226	-0.0011155222320230781
0.05659909491042092	-0.0022912060273032097
0.05666108734734362	-0.0034502854863409254
0.056723079784266314	-0.004590118957199721
0.05678507222118901	-0.005707700034825691
0.05684706465811171	-0.0068007337758382415
0.056909057095034396	-0.007867114104057295
0.05697104953195709	-0.008902898400537316
0.05703304196887979	-0.009907263058347292
0.057095034405802485	-0.010877430352781381
0.05715702684272518	-0.011811364352631056
0.05721901927964788	-0.012707006641384954
0.05728101171657057	-0.013562491302283106
0.05734300415349327	-0.01437603758787636
0.05740499659041596	-0.015145946553434065
0.057466989027338655	-0.01587070474028431
0.05752898146426135	-0.01654893602289585
0.05759097390118405	-0.01717936397534072
0.057652966338106744	-0.017760832972937353
0.05771495877502944	-0.018292355472678417
0.057776951211952136	-0.018773034565010633
0.05783894364887483	-0.01920209843723617
0.05790093608579753	-0.01957904126584043
0.05796292852272022	-0.019903326202589403
0.058024920959642914	-0.02017468697531059
0.05808691339656561	-0.020392839093764832
0.05814890583348831	-0.02055776222413382
0.058210898270411	-0.020669600250935213
0.0582728907073337	-0.020728491380635816
0.058334883144256396	-0.020734794002898467
0.05839687558117909	-0.020689107762617363
0.05845886801810178	-0.020591751855733288
0.05852086045502448	-0.020443599231635082
0.058582852891947174	-0.020245583540685407
0.05864484532886987	-0.019998530322957085
0.058706837765792566	-0.019703656253164958
0.05876883020271526	-0.01936197485070451
0.05883082263963796	-0.018974966128145265
0.058892815076560655	-0.018543826472004893
0.05895480751348335	-0.018070219543353083
0.05901679995040604	-0.01755497258489087
0.05907879238732874	-0.017001712631467603
0.05914078482425143	-0.01641023559647862
0.05920277726117413	-0.015783442608190652
0.059264769698096825	-0.015122214876445201
0.05932676213501952	-0.01442945698512899
0.05938875457194222	-0.01370692829078499
0.059450747008864914	-0.012956678142844298
0.05951273944578761	-0.012180900761537496
0.0595747318827103	-0.011381776732656407
0.059636724319632996	-0.010561472957558935
0.05969871675655569	-0.00972231468096731
0.05976070919347839	-0.008866550061882791
0.059822701630401084	-0.007996493766985793
0.05988469406732378	-0.007114466907139484
0.05994668650424648	-0.006222783235010317
0.06000867894116917	-0.005323781707254548
0.06007067137809186	-0.00441977692860917
0.06013266381501456	-0.0035131017615468688
0.060194656251937255	-0.002606047010679421
0.06025664868885995	-0.0017008971423483378
0.06031864112578265	-0.00079990163793965
0.060380633562705344	0.00009470763299449174
0.06044262599962804	0.0009807451824029448
0.060504618436550736	0.0018560641586851342
0.06056661087347343	0.0027185740430656904
0.06062860331039612	0.003566181119867383
0.06069059574731882	0.004396944828244888
0.060752588184241514	0.005209014905699534
0.06081458062116421	0.006000394082739401
0.06087657305808691	0.006769310952327452
0.0609385654950096	0.007514059670342694
0.0610005579319323	0.008232987578243986
0.061062550368854995	0.008924553746370039
0.061124542805777685	0.009587258876407614
0.06118653524270038	0.01021973519771907
0.06124852767962308	0.010820632956041184
0.06131052011654577	0.011388754363706047
0.06137251255346847	0.011922662377171904
0.061434504990391166	0.01242229555345398
0.06149649742731386	0.012885789074267085
0.06155848986423656	0.01331257450068112
0.061620482301159255	0.013701974744085936
0.061682474738081944	0.014053339383901867
0.06174446717500464	0.014366175135960061
0.061806459611927336	0.014640001397147134
0.06186845204885003	0.01487453348571826
0.06193044448577273	0.015069467722014908
0.061992436922695425	0.015224797761606755
0.06205442935961812	0.015340478019206762
0.06211642179654082	0.015416772211690846
0.06217841423346351	0.01545316339855229
0.0622404066703862	0.015450689478466452
0.0623023991073089	0.015409520620977314
0.062364391544231595	0.015329922183562961
0.06242638398115429	0.015212653874955462
0.06248837641807699	0.015058251675879175
0.06255036885499968	0.014867551676228096
0.06261236129192238	0.014641277479956062
0.06267435372884507	0.01438038192297703
0.06273634616576777	0.014085824132848845
0.06279833860269046	0.013758655056409082
0.06286033103961317	0.013399981402494212
0.06292232347653585	0.013011139961851794
0.06298431591345854	0.012593217291871739
0.06304630835038125	0.012147577786534768
0.06310830078730394	0.011675569339418825
0.06317029322422664	0.011178723863544479
0.06323228566114933	0.01065848197416786
0.06329427809807203	0.010116339292506608
0.06335627053499472	0.00955388919686384
0.06341826297191742	0.008972742271364555
0.06348025540884011	0.008374518389500507
0.0635422478457628	0.007760764969898391
0.0636042402826855	0.007133473685476626
0.0636662327196082	0.006494059749179114
0.0637282251565309	0.00584435509042371
0.06379021759345359	0.005186059067010035
0.06385221003037629	0.00452090595464853
0.06391420246729898	0.0038506878501739475
0.06397619490422168	0.0031770717472251325
0.06403818734114437	0.002501798370294331
0.06410017977806706	0.0018265808856469344
0.06416217221498977	0.0011531156115297623
0.06422416465191245	0.00048307764075241906
0.06428615708883516	-0.00018188171783955063
0.06434814952575785	-0.000840125020274113
0.06441014196268055	-0.0014901111285506557
0.06447213439960324	-0.002130232250074492
0.06453412683652594	-0.0027590100292696935
0.06459611927344863	-0.0033749434825057468
0.06465811171037132	-0.0039766116679030685
0.06472010414729402	-0.0045626535616117595
0.06478209658421671	-0.005131734559811012
0.06484408902113942	-0.0056825831790491554
0.0649060814580621	-0.006213960685766943
0.06496807389498481	-0.00672474276072731
0.0650300663319075	-0.007213903182837684
0.06509205876883019	-0.007680271780368345
0.06515405120575289	-0.008123159674222419
0.06521604364267558	-0.008541358235953745
0.06527803607959828	-0.008934138306629948
0.06534002851652097	-0.0093007395967931
0.06540202095344368	-0.00964068758211192
0.06546401339036637	-0.009953207489105439
0.06552600582728907	-0.010238344589310925
0.06558799826421176	-0.010493874517579655
0.06564999070113445	-0.01072138175808691
0.06571198313805715	-0.01091976471512146
0.06577397557497984	-0.011088855333588466
0.06583596801190254	-0.011228488908233544
0.06589796044882523	-0.01133865145827558
0.06595995288574794	-0.01141936193866296
0.06602194532267062	-0.011470633261311501
0.06608393775959333	-0.011492563575567572
0.06614593019651602	-0.011485438560614167
0.0662079226334387	-0.01144962015362461
0.06626991507036141	-0.011385350162202369
0.0663319075072841	-0.011293092875980276
0.0663938999442068	-0.0111733650017574
0.06645589238112949	-0.011026712239992057
0.0665178848180522	-0.01085355941458945
0.06657987725497488	-0.010655226420020071
0.06664186969189759	-0.010431731590284272
0.06670386212882028	-0.010184215858647098
0.06676585456574297	-0.00991342702045484
0.06682784700266567	-0.00962032809344651
0.06688983943958836	-0.009305874988783384
0.06695183187651106	-0.008971030519839619
0.06701382431343375	-0.008616745715811364
0.06707581675035645	-0.00824427431536484
0.06713780918727914	-0.00785456123498324
0.06719980162420183	-0.0074488031115967305
0.06726179406112454	-0.00702809082084659
0.06732378649804723	-0.006593780543626635
0.06738577893496993	-0.006147071050287839
0.06744777137189262	-0.005689082648177832
0.06750976380881532	-0.0052211362784762416
0.06757175624573801	-0.0047445057334184765
0.06763374868266071	-0.0042603620390476715
0.0676957411195834	-0.0037703120640929493
0.06775773355650609	-0.003275292896566881
0.0678197259934288	-0.0027767456601545046
0.06788171843035148	-0.0022758949580940434
0.06794371086727419	-0.0017741367053103721
0.06800570330419688	-0.001272638679648929
0.06806769574111958	-0.0007726656406294086
0.06812968817804227	-0.0002754830341826965
0.06819168061496497	0.00021769497038190118
0.06825367305188766	0.0007056674911149392
0.06831566548881035	0.001187258651669871
0.06837765792573305	0.001661190123756651
0.06843965036265574	0.0021267135578047296
0.06850164279957845	0.002582386550217402
0.06856363523650114	0.0030272671381388954
0.06862562767342384	0.003460343729026865
0.06868762011034653	0.0038806375935044016
0.06874961254726923	0.0042872423383739896
0.06881160498419192	0.004679204900690281
0.06887359742111461	0.005055697735728206
0.06893558985803731	0.00541595546126477
0.06899758229496	0.005759341005964478
0.0690595747318827	0.0060847651906590205
0.0691215671688054	0.006392090337009632
0.0691835596057281	0.00668020195088033
0.06924555204265079	0.0069488943814808015
0.06930754447957348	0.007197654685941826
0.06936953691649618	0.007426026793654216
0.06943152935341887	0.00763360763953836
0.06949352179034157	0.007819932430822192
0.06955551422726426	0.007984935361567854
0.06961750666418696	0.008128523232558438
0.06967949910110965	0.008249930638503529
0.06974149153803236	0.008349726977545718
0.06980348397495505	0.008427601592365873
0.06986547641187774	0.008483540551029834
0.06992746884880044	0.008517684247945525
0.06998946128572313	0.008530120623625346
0.07005145372264583	0.008521025942872976
0.07011344615956852	0.00849060611575118
0.07017543859649122	0.00843914863963787
0.07023743103341391	0.008367015593177407
0.07029942347033662	0.008274540526894776
0.0703614159072593	0.008162212919196601
0.070423408344182	0.00803039067640197
0.0704854007811047	0.007879696510433742
0.07054739321802739	0.007710656068824445
0.07060938565495009	0.007523847529831186
0.07067137809187278	0.0073199050901561315
0.07073337052879548	0.007099552398906957
0.07079536296571817	0.006863462072618044
0.07085735540264088	0.006612309224539968
0.07091934783956357	0.006346990239982842
0.07098134027648625	0.006068307695089379
0.07104333271340896	0.005776973354331319
0.07110532515033165	0.005473921614320522
0.07116731758725435	0.005159989323885765
0.07122931002417704	0.004836081396756471
0.07129130246109974	0.004503091949769544
0.07135329489802243	0.004161988409172827
0.07141528733494512	0.003813621896474879
0.07147727977186782	0.0034590221963018168
0.07153927220879051	0.003099106877580151
0.07160126464571322	0.0027348179928984584
0.0716632570826359	0.002367086924686018
0.07172524951955861	0.0019969753351984135
0.0717872419564813	0.0016253259143121379
0.071849234393404	0.0012531245846505177
0.07191122683032669	0.0008813109066305989
0.07197321926724938	0.0005107917420151918
0.07203521170417208	0.0001425501241978797
0.07209720414109477	-0.0002225644850562937
0.07215919657801748	-0.000583659245236024
0.07222118901494017	-0.0009398594587438733
0.07228318145186287	-0.0012903160335107876
0.07234517388878556	-0.0016342029015944438
0.07240716632570826	-0.0019707317464990525
0.07246915876263095	-0.0022991034239554114
0.07253115119955364	-0.0026185782031708147
0.07259314363647634	-0.002928442080615093
0.07265513607339903	-0.0032280169108207116
0.07271712851032174	-0.0035166386573891643
0.07277912094724442	-0.0037936857499210907
0.07284111338416713	-0.004058580769881034
0.07290310582108982	-0.004309955732659711
0.07296509825801252	-0.0045497416423864396
0.07302709069493521	-0.004774994779441838
0.0730890831318579	-0.004986156624400847
0.0731510755687806	-0.005182769017077442
0.07321306800570329	-0.00536443054494644
0.073275060442626	-0.005531048301468771
0.07333705287954868	-0.005682106447806598
0.07339904531647139	-0.005817478542334922
0.07346103775339408	-0.005936942076941272
0.07352303019031678	-0.006040393881488484
0.07358502262723947	-0.0061276724243765
0.07364701506416216	-0.006198734620226545
0.07370900750108486	-0.006253574918359594
0.07377099993800755	-0.006292189921369803
0.07383299237493025	-0.006314612119462048
0.07389498481185294	-0.006321004878389053
0.07395697724877565	-0.006311585651808193
0.07401896968569834	-0.006286160959293409
0.07408096212262102	-0.006245317758253238
0.07414295455954373	-0.006189159112645588
0.07420494699646642	-0.006117990166687257
0.07426693943338912	-0.006032190913300561
0.07432893187031181	-0.005932040478680818
0.07439092430723451	-0.005817955032226482
0.0744529167441572	-0.005690337636352051
0.0745149091810799	-0.005549591876311772
0.0745769016180026	-0.005396317352843289
0.07463889405492528	-0.005230934672468084
0.07470088649184799	-0.00505402252822087
0.07476287892877068	-0.004866106506171727
0.07482487136569338	-0.004667759970014495
0.07488686380261607	-0.00445956510235911
0.07494885623953877	-0.004242155857820181
0.07501084867646146	-0.004016163022072122
0.07507284111338416	-0.003782257671500096
0.07513483355030685	-0.003541092277301276
0.07519682598722954	-0.003293335862901422
0.07525881842415225	-0.003039656035577623
0.07532081086107494	-0.002780765197603731
0.07538280329799764	-0.0025173514806550493
0.07544479573492033	-0.0022501322976401185
0.07550678817184303	-0.001979814272478155
0.07556878060876572	-0.0017071032943089196
0.07563077304568842	-0.0014327065495154153
0.07569276548261111	-0.0011573275811009817
0.0757547579195338	-0.0008816720914641137
0.0758167503564565	-0.0006064266504413337
0.0758787427933792	-0.00033228302668757566
0.0759407352303019	-0.00005992118647648225
0.07600272766722459	0.00020999172319859246
0.07606472010414729	0.00047678702051487
0.07612671254106998	0.0007398659165817054
0.07618870497799267	0.0009985851352160725
0.07625069741491537	0.0012523168165184016
0.07631268985183806	0.0015004854582529065
0.07637468228876076	0.0017425121391208003
0.07643667472568345	0.001977862747272171
0.07649866716260616	0.002206008591299859
0.07656065959952885	0.0024264294007998503
0.07662265203645155	0.00263865735034312
0.07668464447337424	0.0028422379918004908
0.07674663691029693	0.003036743407585384
0.07680862934721963	0.003221763376135229
0.07687062178414232	0.0033969405344828536
0.07693261422106502	0.0035619017495417196
0.07699460665798771	0.0037163369635344677
0.07705659909491042	0.0038599742798802977
0.0771185915318331	0.0039925485215723385
0.07718058396875581	0.004113842101271395
0.0772425764056785	0.0042236510313749245
0.07730456884260119	0.0043218041883477795
0.07736656127952389	0.004408151634778231
0.07742855371644658	0.004482661588097067
0.07749054615336928	0.0045451726915347376
0.07755253859029197	0.004595617568690969
0.07761453102721468	0.004634099766866272
0.07767652346413736	0.004660560303630602
0.07773851590106007	0.0046750844298149045
0.07780050833798276	0.004677727559782212
0.07786250077490545	0.00466859178626333
0.07792449321182815	0.004647851186446053
0.07798648564875084	0.004615730750803607
0.07804847808567354	0.004572225150871006
0.07811047052259623	0.00451764996672171
0.07817246295951893	0.0044521347545336005
0.07823445539644162	0.0043761857949416415
0.07829644783336431	0.004289976412152586
0.07835844027028702	0.004193815738856479
0.0784204327072097	0.004088126283914295
0.07848242514413241	0.003973048371299885
0.0785444175810551	0.003849131198822586
0.0786064100179778	0.003716771245078818
0.07866840245490049	0.003576328782437533
0.0787303948918232	0.0034282473577230783
0.07879238732874588	0.0032729729151534013
0.07885437976566857	0.003110935015329942
0.07891637220259128	0.002942672111322376
0.07897836463951396	0.0027686350096742204
0.07904035707643667	0.0025893245561705155
0.07910234951335936	0.0024052326416622964
0.07916434195028206	0.002216826085159054
0.07922633438720475	0.0020246559512514173
0.07928832682412745	0.0018292314696733139
0.07935031926105014	0.00163110016230683
0.07941231169797283	0.0014307698573080001
0.07947430413489553	0.0012287642404354593
0.07953629657181822	0.0010256051283005238
0.07959828900874093	0.0008218133847131252
0.07966028144566362	0.0006179107254005615
0.07972227388258632	0.0004144050293047653
0.07978426631950901	0.00021180525665192229
0.07984625875643171	0.000010612112086766485
0.0799082511933544	-0.00018868223453761654
0.07997024363027709	-0.00038559526474168726
0.0800322360671998	-0.0005796563982086051
0.08009422850412248	-0.0007704049403840303
0.08015622094104519	-0.0009573951279835419
0.08021821337796788	-0.0011401959879015413
0.08028020581489058	-0.001318380486341039
0.08034219825181327	-0.0014915618033304455
0.08040419068873597	-0.0016592825879146885
0.08046618312565866	-0.0018212626550273162
0.08052817556258135	-0.0019771739926549453
0.08059016799950405	-0.002126585314128832
0.08065216043642674	-0.0022692329711957826
0.08071415287334945	-0.0024048187018976853
0.08077614531027213	-0.002533061832931921
0.08083813774719484	-0.002653719118895495
0.08090013018411753	-0.002766561350587625
0.08096212262104022	-0.00287137797261657
0.08102411505796292	-0.002967964225305726
0.08108610749488561	-0.0030561345325476785
0.08114809993180831	-0.0031358916862651654
0.081210092368731	-0.0032069711784617014
0.0812720848056537	-0.0032693103431218574
0.0813340772425764	-0.0033228375152851925
0.0813960696794991	-0.003367512758019007
0.08145806211642179	-0.0034032964774236077
0.08152005455334448	-0.0034302028794341794
0.08158204699026718	-0.003448230922604935
0.08164403942718987	-0.003457441261590805
0.08170603186411257	-0.0034578745020768437
0.08176802430103526	-0.0034495865831932625
0.08183001673795796	-0.003432763795350883
0.08189200917488065	-0.003407500203210632
0.08195400161180336	-0.003373882726448075
0.08201599404872605	-0.0033321443596570624
0.08207798648564874	-0.00328242612895715
0.08213997892257144	-0.0032249413315503903
0.08220197135949413	-0.0031599416137966484
0.08226396379641683	-0.003087553910047361
0.08232595623333952	-0.0030081473752901497
0.08238794867026222	-0.0029219811781650553
0.08244994110718491	-0.0028292801019674553
0.08251193354410762	-0.0027303596962882206
0.0825739259810303	-0.0026255497560130248
0.082635918417953	-0.0025151294612655193
0.0826979108548757	-0.0023994602088581074
0.08275990329179839	-0.002278875977668628
0.08282189572872109	-0.002153725370337419
0.08288388816564378	-0.0020243785140291364
0.08294588060256648	-0.0018911762045995453
0.08300787303948917	-0.0017545132403504753
0.08306986547641186	-0.0016147502955381479
0.08313185791333456	-0.0014722655375577509
0.08319385035025725	-0.0013274597437961087
0.08325584278717996	-0.0011807203328833775
0.08331783522410265	-0.0010324075790619281
0.08337982766102535	-0.0008829337332975587
0.08344182009794804	-0.0007326705091807047
0.08350381253487074	-0.0005820076702965737
0.08356580497179343	-0.0004313359583088064
0.08362779740871612	-0.0002810184707254931
0.08368978984563882	-0.00013144173322974902
0.08375178228256151	0.000017030178128032023
0.08381377471948422	0.00016403392798564634
0.0838757671564069	0.00030921412753903563
0.08393775959332961	0.0004522282219464743
0.0839997520302523	0.0005927328279971812
0.084061744467175	0.0007303562266994357
0.08412373690409769	0.0008648622538108112
0.08418572934102038	0.0009959078398369906
0.08424772177794308	0.0011231979432064071
0.08430971421486577	0.0012464472843111923
0.08437170665178848	0.0013654470223199142
0.08443369908871116	0.0014798130387640078
0.08449569152563387	0.0015893685058079713
0.08455768396255656	0.0016938898238996589
0.08461967639947926	0.0017931466153070538
0.08468166883640195	0.0018869369422138322
0.08474366127332464	0.0019750964148026666
0.08480565371024734	0.002057459019964981
0.08486764614717003	0.0021338648875594496
0.08492963858409273	0.0022041416707956458
0.08499163102101542	0.002268265220827205
0.08505362345793813	0.002326058968653729
0.08511561589486082	0.0023774559519487677
0.0851776083317835	0.002422392842803545
0.08523960076870621	0.0024608198649084343
0.0853015932056289	0.0024926938487318134
0.0853635856425516	0.0025180005787812172
0.08542557807947429	0.0025367417593544017
0.085487570516397	0.0025489187341320666
0.08554956295331968	0.002554592894291906
0.08561155539024239	0.0025538026607517445
0.08567354782716508	0.0025466072614210426
0.08573554026408776	0.0025330857829934522
0.08579753270101047	0.0025133358220336796
0.08585952513793316	0.0024874662181541087
0.08592151757485586	0.002455598094728537
0.08598351001177855	0.0024178696838652093
0.08604550244870125	0.0023744332394401353
0.08610749488562394	0.002325447927110929
0.08616948732254665	0.002271094995284219
0.08623147975946933	0.0022115634630885247
0.08629347219639202	0.00214705363779906
0.08635546463331473	0.002077757340991798
0.08641745707023742	0.0020039439851372623
0.08647944950716012	0.001925821212385038
0.08654144194408281	0.0018435476329552911
0.08660343438100551	0.00175747074701582
0.0866654268179282	0.001667795461521395
0.0867274192548509	0.0015748195966327253
0.0867894116917736	0.00147876732902722
0.08685140412869628	0.001379924604749338
0.08691339656561899	0.0012785700236035897
0.08697538900254168	0.001174981292183333
0.08703738143946438	0.0010694348623233984
0.08709937387638707	0.0009622193411474481
0.08716136631330977	0.0008536201755722424
0.08722335875023246	0.0007439196812118334
0.08728535118715516	0.0006334061217059354
0.08734734362407785	0.0005223649815890349
0.08740933606100054	0.0004110795439334196
0.08747132849792325	0.00029983227414340024
0.08753332093484593	0.0001889016001443673
0.08759531337176864	0.00007855267054476913
0.08765730580869133	-0.00003091157684318391
0.08771929824561403	-0.00013925599877031273
0.08778129068253672	-0.0002462081301064932
0.08784328311945941	-0.00035151512501211475
0.08790527555638211	-0.0004549201474260045
0.0879672679933048	-0.0005562005018973199
0.0880292604302275	-0.000655105569974499
0.0880912528671502	-0.0007514138955891319
0.0881532453040729	-0.0008449090025931253
0.08821523774099559	-0.0009353829441547438
0.08827723017791829	-0.0010226351738716398
0.08833922261484098	-0.0011065193143314563
0.08840121505176367	-0.0011867571205967152
0.08846320748868637	-0.0012632628054638805
0.08852519992560906	-0.0013358684203308717
0.08858719236253176	-0.0014044206915835584
0.08864918479945445	-0.001468786042142498
0.08871117723637716	-0.0015288492563542242
0.08877316967329985	-0.001584501373612262
0.08883516211022255	-0.0016356193185598513
0.08889715454714524	-0.001682146182633725
0.08895914698406793	-0.00172399822813783
0.08902113942099063	-0.001761133075769577
0.08908313185791332	-0.0017934803384795093
0.08914512429483602	-0.0018210135944699232
0.08920711673175871	-0.0018437296146644167
0.08926910916868142	-0.0018615613539802308
0.0893311016056041	-0.001874557847750045
0.08939309404252681	-0.0018827341671378917
0.0894550864794495	-0.0018861028724741552
0.08951707891637219	-0.0018847018554252748
0.08957907135329489	-0.0018785730447564368
0.08964106379021758	-0.001867896616806618
0.08970305622714028	-0.0018524354335183076
0.08976504866406297	-0.0018326001236058302
0.08982704110098567	-0.0018082973393710722
0.08988903353790836	-0.001779716599323916
0.08995102597483105	-0.0017469364778164493
0.09001301841175376	-0.0017100902951298295
0.09007501084867645	-0.0016693074098348554
0.09013700328559915	-0.0016247216956797729
0.09019899572252184	-0.0015764742484780166
0.09026098815944454	-0.00152480438300747
0.09032298059636723	-0.001469734268622651
0.09038497303328993	-0.0014114634648636944
0.09044696547021262	-0.0013502553062398922
0.09050895790713531	-0.0012862376437797953
0.09057095034405802	-0.0012196308907445352
0.0906329427809807	-0.0011505899339155385
0.09069493521790341	-0.001079325794461939
0.0907569276548261	-0.0010060371381414445
0.0908189200917488	-0.0009309198999177926
0.09088091252867149	-0.0008542072056928827
0.09094290496559419	-0.000776076493861129
0.09100489740251688	-0.0006967531027113717
0.09106688983943957	-0.0006164429632685904
0.09112888227636227	-0.000535359454508446
0.09119087471328496	-0.00045371230083458776
0.09125286715020767	-0.00037171221607780984
0.09131485958713036	-0.0002895708796795558
0.09137685202405306	-0.00020749138527934423
0.09143884446097575	-0.0001256814761906563
0.09150083689789845	-0.00004434440148455278
0.09156282933482114	0.0000363207677096625
0.09162482177174383	0.00011611824244774172
0.09168681420866653	0.00019485509024496373
0.09174880664558922	0.00027235694397876274
0.09181079908251193	0.000348420224302535
0.09187279151943462	0.0004228758045883461
0.09193478395635732	0.0004955527782939223
0.09199677639328001	0.0005662847051633615
0.0920587688302027	0.0006348814783767927
0.0921207612671254	0.0007012527449362111
0.09218275370404809	0.0007652237268303698
0.09224474614097079	0.0008266522287263048
0.09230673857789348	0.000885415613185414
0.09236873101481619	0.0009413914638263069
0.09243072345173887	0.0009944633872711482
0.09249271588866158	0.0010445272180164306
0.09255470832558427	0.001091481666769918
0.09261670076250696	0.0011352446729651468
0.09267869319942966	0.0011758540341187554
0.09274068563635235	0.0012128889067901706
0.09280267807327505	0.0012466348229583201
0.09286467051019774	0.0012769255485475179
0.09292666294712044	0.0013037196444417446
0.09298865538404313	0.0013269829468552199
0.09305064782096584	0.00134669058051033
0.09311264025788853	0.0013628209441460199
0.09317463269481122	0.0013753806126607896
0.09323662513173392	0.0013843635164451494
0.09329861756865661	0.001389790934665497
0.09336061000557931	0.0013916693869462618
0.093422602442502	0.001390038203827669
0.0934845948794247	0.0013849001853350445
0.0935465873163474	0.001376315614781707
0.0936085797532701	0.0013644877796331306
0.09367057219019279	0.0013492417615230796
0.09373256462711547	0.0013307852770981855
0.09379455706403818	0.0013091769791736235
0.09385654950096087	0.0012844706955594202
0.09391854193788357	0.0012567850495947377
0.09398053437480626	0.0012262152791579998
0.09404252681172896	0.0011928492471782787
0.09410451924865165	0.0011567990265523172
0.09416651168557434	0.001118196198237432
0.09422850412249704	0.0010771642208551818
0.09429049655941973	0.0010338233850643937
0.09435248899634244	0.0009883163516929481
0.09441448143326513	0.0009407528150689738
0.09447647387018783	0.0008912949822062428
0.09453846630711052	0.000840069133287619
0.09460045874403322	0.0007872244511619054
0.09466245118095591	0.0007329220471700327
0.0947244436178786	0.0006772974189666361
0.0947864360548013	0.0006205191600205994
0.094848428491724	0.0005627258400086606
0.0949104209286467	0.0005040745541441009
0.09497241336556939	0.0004447221494774401
0.09503440580249209	0.00038482061950344097
0.09509639823941478	0.00032454144994965855
0.09515839067633748	0.00026401562275444804
0.09522038311326017	0.00020342139783554328
0.09528237555018286	0.00014289508921759873
0.09534436798710556	0.00008259163535015623
0.09540636042402825	0.000022666368511659287
0.09546835286095096	-0.00003673700287788932
0.09553034529787365	-0.00009547542076396983
0.09559233773479635	-0.0001534074298822052
0.09565433017171904	-0.00021039550412399645
0.09571632260864174	-0.0002663057577436685
0.09577831504556443	-0.0003210058463693499
0.09584030748248712	-0.00037437162639197613
0.09590229991940982	-0.00042629932520611436
0.09596429235633251	-0.0004766412213093494
0.09602628479325521	-0.0005253001762331168
0.0960882772301779	-0.0005721705562193823
0.09615026966710061	-0.0006171540097093661
0.0962122621040233	-0.0006601518583117928
0.096274254540946	-0.000701061957871749
0.09633624697786869	-0.000739832629593288
0.09639823941479138	-0.0007763714720473103
0.09646023185171408	-0.0008106080125989691
0.09652222428863677	-0.0008424867921690069
0.09658421672555947	-0.0008719019272424518
0.09664620916248216	-0.0008988815086063172
0.09670820159940487	-0.0009233661777787919
0.09677019403632756	-0.0009452730983768516
0.09683218647325025	-0.0009645913984777495
0.09689417891017295	-0.0009812896225947646
0.09695617134709564	-0.0009953802231279184
0.09701816378401834	-0.0010068301109171455
0.09708015622094103	-0.0010156423695912753
0.09714214865786373	-0.0010218181662509616
0.09720414109478642	-0.0010253686999697727
0.09726613353170913	-0.0010263166182326558
0.09732812596863182	-0.0010246743847223277
0.0973901184055545	-0.0010204743363600216
0.09745211084247721	-0.0010137419252013496
0.0975141032793999	-0.0010045391058123424
0.0975760957163226	-0.0009929034582469762
0.09763808815324529	-0.0009788860551294084
0.09770008059016799	-0.0009625442821846607
0.09776207302709068	-0.0009439497218779373
0.09782406546401338	-0.0009231638044123221
0.09788605790093607	-0.00090025828388561
0.09794805033785876	-0.0008753052431116742
0.09801004277478147	-0.0008484035220716363
0.09807203521170416	-0.0008196316670742502
0.09813402764862686	-0.0007890720867596142
0.09819602008554955	-0.0007568303776177093
0.09825801252247225	-0.0007230081720358428
0.09832000495939494	-0.0006876784001374317
0.09838199739631764	-0.0006509733207914609
0.09844398983324033	-0.0006129953612626557
0.09850598227016302	-0.0005738413299443937
0.09856797470708573	-0.0005336267069279619
0.09862996714400842	-0.0004924496089875383
0.09869195958093112	-0.0004504384527153066
0.09875395201785381	-0.00040770451848138255
0.09881594445477651	-0.0003643574029848187
0.0988779368916992	-0.0003205143916156133
0.09893992932862189	-0.00027629137895847453
0.09900192176554459	-0.00023180058444238882
0.09906391420246728	-0.0001871579705520661
0.09912590663938999	-0.00014247679029806193
0.09918789907631267	-0.00009786849301937705
0.09924989151323538	-0.000053446080074245414
0.09931188395015807	-9.318103975173455e-6
0.09937387638708077	0.00003440723919961357
0.09943586882400346	0.00007762418560616547
0.09949786126092615	0.00012022766268531511
0.09955985369784885	0.00016211593998862887
0.09962184613477154	0.0002031942946642855
0.09968383857169424	0.0002433692603984356
0.09974583100861693	0.0002828236002022635
0.09980782344553964	0.00032062908552766363
0.09986981588246233	0.00035754103948801937
0.09993180831938503	0.0003931994295289301
0.09999380075630772	0.00042752546824327884
0.10005579319323041	0.00046044668364202514
0.10011778563015311	0.0004918897598516001
0.1001797780670758	0.0005218024924855127
0.1002417705039985	0.0005501110851618558
0.10030376294092119	0.0005767614431993776
0.1003657553778439	0.0006017035184092953
0.10042774781476659	0.0006249083086294038
0.10048974025168929	0.0006463148004472023
0.10055173268861198	0.0006658873420494758
0.10061372512553467	0.0006836008923954545
0.10067571756245737	0.0006994246810266577
0.10073770999938006	0.0007133432494437477
0.10079970243630276	0.0007253337737014321
0.10086169487322545	0.0007353860778526176
0.10092368731014816	0.0007434969962914164
0.10098567974707084	0.000749662055943921
0.10104767218399353	0.0007538839206874443
0.10110966462091624	0.0007561730757171454
0.10117165705783893	0.0007565058559255467
0.10123364949476163	0.0007550071444559816
0.10129564193168432	0.0007515924840531189
0.10135763436860702	0.0007463264928956648
0.10141962680552971	0.0007392338798348978
0.10148161924245241	0.0007303610478882138
0.1015436116793751	0.0007197297846541921
0.10160560411629779	0.0007073862618997877
0.1016675965532205	0.0006933967230744559
0.10172958899014319	0.0006778022932963179
0.10179158142706589	0.0006606549228122508
0.10185357386398858	0.0006420150457833321
0.10191556630091128	0.0006219418865413435
0.10197755873783397	0.0006005025535170274
0.10203955117475667	0.0005777628454139871
0.10210154361167936	0.000553791491619194
0.10216353604860205	0.0005286579694819008
0.10222552848552476	0.0005024465454397254
0.10228752092244744	0.00047522119097360727
0.10234951335937015	0.00044706898914615784
0.10241150579629284	0.0004180655185682038
0.10247349823321554	0.000388292594608442
0.10253549067013823	0.0003578324304940644
0.10259748310706093	0.00032676962293746065
0.10265947554398362	0.0002951853467728618
0.10272146798090631	0.00026316522517453764
0.10278346041782901	0.00023079343341267884
0.1028454528547517	0.00019816370650895166
0.10290744529167441	0.00016533541665515421
0.1029694377285971	0.00013241739027080853
0.1030314301655198	0.00009948612780546317
0.10309342260244249	0.00006662207138149346
0.10315541503936518	0.00003390840692141323
0.10321740747628788	1.4261010246591707e-6
0.10327939991321057	-0.00003074567872270321
0.10334139235013327	-0.00006252919560174048
0.10340338478705596	-0.00009384773204519192
0.10346537722397867	-0.00012462884442641166
0.10352736966090136	-0.00015479957549804343
0.10358936209782406	-0.00018428985502941692
0.10365135453474675	-0.00021303281210760611
0.10371334697166944	-0.00024096216940594487
0.10377533940859214	-0.0002680165123549116
0.10383733184551483	-0.00029413706323211554
0.10389932428243753	-0.00031926555133598517
0.10396131671936022	-0.00034334887368705813
0.10402330915628293	-0.0003663380416434042
0.10408530159320561	-0.0003881851567730815
0.10414729403012832	-0.0004088459009349758
0.10420928646705101	-0.0004282797568387746
0.1042712789039737	-0.0004464503322348723
0.1043332713408964	-0.0004633248068628908
0.10439526377781909	-0.0004788727380250214
0.10445725621474179	-0.0004930687383395517
0.10451924865166448	-0.0005058882215239438
0.10458124108858718	-0.0005173144211689759
0.10464323352550987	-0.0005273312285564252
0.10470522596243258	-0.0005359290915554378
0.10476721839935527	-0.0005430931202038469
0.10482921083627796	-0.0005488293294176059
0.10489120327320066	-0.0005531254720131908
0.10495319571012335	-0.0005559948870679033
0.10501518814704605	-0.0005574436703922118
0.10507718058396874	-0.0005574699190833807
0.10513917302089144	-0.000556108060882468
0.10520116545781413	-0.0005533560662194033
0.10526315789473684	-0.000549242691226594
0.10532515033165953	-0.0005437916798674219
0.10538714276858221	-0.0005370261575819242
0.10544913520550492	-0.0005289768130790908
0.10551112764242761	-0.0005196775690236632
0.10557312007935031	-0.0005091627045927934
0.105635112516273	-0.0004974708739630469
0.1056971049531957	-0.00048464743689217906
0.10575909739011839	-0.00047072366673001005
0.10582108982704108	-0.0004557555741190843
0.10588308226396378	-0.0004397879252813555
0.10594507470088647	-0.00042287076267625114
0.10600706713780918	-0.0004050558759042753
0.10606905957473187	-0.000386394087606954
0.10613105201165457	-0.00036695476768667693
0.10619304444857726	-0.00034676764188853266
0.10625503688549996	-0.00032591144081522305
0.10631702932242265	-0.00030443674421097827
0.10637902175934534	-0.00028240515658036326
0.10644101419626804	-0.0002598778921590151
0.10650300663319073	-0.00023692067908474715
0.10656499907011344	-0.00021358355624912225
0.10662699150703613	-0.00018993717863869113
0.10668898394395883	-0.00016604409197751367
0.10675097638088152	-0.0001419657614463608
0.10681296881780422	-0.00011776339004453557
0.10687496125472691	-0.00009349908050531408
0.1069369536916496	-0.00006923474043640934
0.1069989461285723	-0.00004503127035043864
0.10706093856549499	-0.00002094889620256049
0.1071229310024177	2.9530108414784734e-6
0.10718492343934038	0.000026616203737899768
0.10724691587626309	0.00004998340772072434
0.10730890831318578	0.00007299914988437287
0.10737090075010848	0.00009560967699548421
0.10743289318703117	0.00011776090956488594
0.10749488562395386	0.00013940145758605104
0.10755687806087656	0.0001604835292477099
0.10761887049779925	0.00018095822386241555
0.10768086293472195	0.00020078001662281457
0.10774285537164464	0.00021990322986653536
0.10780484780856735	0.00023829217883670215
0.10786684024549004	0.00025590725536940817
0.10792883268241273	0.0002727069009483056
0.10799082511933543	0.0002886641582356644
0.10805281755625812	0.00030373855440278834
0.10811480999318082	0.0003179035628427985
0.10817680243010351	0.00033113308039581826
0.10823879486702621	0.0003434223158678593
0.1083007873039489	0.0003546864951821145
0.1083627797408716	0.0003649752864506775
0.1084247721777943	0.0003742493455663462
0.10848676461471699	0.00038249186168151807
0.10854875705163969	0.00038969563911186626
0.10861074948856238	0.0003958490083045537
0.10867274192548508	0.00040094968466549726
0.10873473436240777	0.00040499527218803584
0.10879672679933047	0.0004079886611177127
0.10885871923625316	0.0004099248985824942
0.10892071167317587	0.0004108134280867155
0.10898270411009855	0.0004106615964271032
0.10904469654702124	0.00040948040261396066
0.10910668898394395	0.00040728464791352486
0.10916868142086664	0.00040408461528789813
0.10923067385778934	0.0003998993092058764
0.10929266629471203	0.00039472406752418546
0.10935465873163473	0.00038866203671386254
0.10941665116855742	0.00038165667421714123
0.10947864360548012	0.00037376096080063187
0.10954063604240281	0.00036500300607540594
0.1096026284793255	0.0003554151665855363
0.1096646209162482	0.0003450260954162321
0.1097266133531709	0.0003338712433863237
0.1097886057900936	0.00032198601356120106
0.10985059822701629	0.00030940636258497157
0.10991259066393899	0.0002961736610901582
0.10997458310086168	0.0002823199520060346
0.11003657553778437	0.0002678959600859423
0.11009856797470707	0.0002529358571193515
0.11016056041162976	0.00023749272764667884
0.11022255284855247	0.00022159797491789785
0.11028454528547516	0.00020530077884597115
0.11034653772239786	0.00018864593986859008
0.11040853015932055	0.0001716797268849864
0.11047052259624325	0.000154444247207342
0.11053251503316594	0.00013698905902193327
0.11059450747008863	0.00011935891224440697
0.11065649990701133	0.00010159975018151547
0.11071849234393402	0.00008375733453731985
0.11078048478085673	0.00006587746752429347
0.11084247721777941	0.00004800515168843966
0.11090446965470212	0.000030185351035668168
0.1109664620916248	0.000012462322960882472
0.11102845452854751	-5.120434615904553e-6
0.1110904469654702	-0.000022520164172568407
0.11115243940239289	-0.00003969508882155941
0.11121443183931559	-0.00005660404102048835
0.11127642427623828	-0.00007320722042526873
0.11133841671316098	-0.00008946558176678851
0.11140040915008367	-0.00010534132997124712
0.11146240158700638	-0.00012079982260920128
0.11152439402392907	-0.0001358051596761273
0.11158638646085177	-0.00015032429296648047
0.11164837889777446	-0.0001641525556304172
0.11171037133469715	-0.00017759369691223626
0.11177236377161985	-0.00019045949703325177
0.11183435620854254	-0.00020272314856194538
0.11189634864546524	-0.00021435957323466922
0.11195834108238793	-0.00022534586547963222
0.11202033351931064	-0.0002358818356249018
0.11208232595623333	-0.00024551254369465714
0.11214431839315603	-0.0002544210091340333
0.11220631083007872	-0.00026260893110494386
0.11226830326700141	-0.00026984916762651267
0.11233029570392411	-0.0002767821877144356
0.1123922881408468	-0.00028272609922415864
0.1124542805777695	-0.00028790224750383533
0.11251627301469219	-0.0002923054681760121
0.1125782654516149	-0.00029593189726834213
0.11264025788853758	-0.0002987786477389027
0.11270225032546027	-0.0003008514678705949
0.11276424276238298	-0.0003021453289976849
0.11282623519930567	-0.0003026696070312089
0.11288822763622837	-0.00030242877701926527
0.11295022007315106	-0.0003014295922244044
0.11301221251007376	-0.00029968559839472906
0.11307420494699645	-0.0002972060026421572
0.11313619738391915	-0.0002944614118263031
0.11319818982084184	-0.0002900941696545424
0.11326018225776453	-0.0002854936672098264
0.11332217469468724	-0.000280220695783454
0.11338416713160993	-0.0002742933970117729
0.11344615956853263	-0.0002677372647244439
0.11350815200545532	-0.00026057201966596193
0.11357014444237802	-0.0002528207773662563
0.11363213687930071	-0.00024450985941456215
0.11369412931622341	-0.00023566896120707928
0.1137561217531461	-0.00022631187026680286
0.11381811419006879	-0.00021672529131196465
0.1138801066269915	-0.00020642825730486324
0.11394209906391418	-0.00019552812913933366
0.11400409150083689	-0.00018461123401139872
0.11406608393775958	-0.0001729969413300575
0.11412807637468228	-0.00016123863212919924
0.11419006881160497	-0.00014918668372131328
0.11425206124852767	-0.0001368767944310778
0.11431405368545036	-0.00012443324594014148
0.11437604612237305	-0.0001116184573271747
0.11443803855929575	-0.00009873428896774838
0.11450003099621844	-0.00008572877996452447
0.11456202343314115	-0.00007263398365665325
0.11462401587006384	-0.00005948365773436283
0.11468600830698654	-0.00004631178612433765
0.11474800074390923	-0.00003315077308284006
0.11480999318083192	-0.000020034022709886792
0.11487198561775462	-6.994044897031192e-6
0.11493397805467731	5.937147945295939e-6
0.11499597049160001	0.00001872810958268807
0.1150579629285227	0.000031348068723165246
0.1151199553654454	0.000043767315034588175
0.1151819478023681	0.000055956411970892077
0.1152439402392908	0.00006790580700832632
0.11530593267621349	0.0000795341630011647
0.11536792511313618	0.0000908663145205609
0.11542991755005888	0.00010185794590050888
0.11549190998698157	0.00011248955870978353
0.11555390242390427	0.0001227374479601969
0.11561589486082696	0.00013257573984606485
0.11567788729774967	0.00014198640581253603
0.11573987973467235	0.00015094889800744586
0.11580187217159506	0.00015944458372807235
0.11586386460851775	0.00016745936331472407
0.11592585704544044	0.00017497570391618607
0.11598784948236314	0.00018198040055912478
0.11604984191928583	0.0001884597861242089
0.11611183435620853	0.00019439766309162584
0.11617382679313122	0.00019979521767892348
0.11623581923005392	0.00020464647234105503
0.11629781166697661	0.00020892860289209735
0.11635980410389932	0.00021263910162198316
0.116421796540822	0.0002157847300237199
0.1164837889777447	0.00021836684907608313
0.1165457814146674	0.00022036606988203695
0.11660777385159009	0.00022179561094462649
0.11666976628851279	0.00022265405907452088
0.11673175872543548	0.0002229439898060047
0.11679375116235818	0.0002226726560666859
0.11685574359928087	0.00022184443161809517
0.11691773603620356	0.00022046662375826086
0.11697972847312627	0.00021854782126260695
0.11704172091004895	0.00021609920995051875
0.11710371334697166	0.00021313229232707446
0.11716570578389435	0.00020965796216018944
0.11722769822081705	0.00020569496751262216
0.11728969065773974	0.00020125112732037484
0.11735168309466244	0.0001963424615404816
0.11741367553158513	0.00019099083943337783
0.11747566796850782	0.00018520861776732744
0.11753766040543052	0.00017901942470056542
0.11759965284235321	0.00017244190344463143
0.11766164527927592	0.00016549621300036043
0.1177236377161986	0.00015820017353777648
0.11778563015312131	0.00015057785915361538
0.117847622590044	0.00014264955708017678
0.1179096150269667	0.00013444324129569988
0.11797160746388939	0.00012597719582604658
0.11803359990081208	0.0001172769367143786
0.11809559233773478	0.00010836614892398313
0.11815758477465747	0.00009927012596885036
0.11821957721158018	0.0000900130825301688
0.11828156964850287	0.00008061909835651996
0.11834356208542557	0.00007111396809013808
0.11840555452234826	0.00006152265462495702
0.11846754695927096	0.00005186968657510505
0.11852953939619365	0.000042179828540066224
0.11859153183311634	0.000032477937406341035
0.11865352427003904	0.00002278847600576878
0.11871551670696173	0.000013135643132570197
0.11877750914388444	3.540635599049281e-6
0.11883950158080712	-5.964353316284984e-6
0.11890149401772983	-0.00001536497242407781
0.11896348645465252	-0.000024635921006459067
0.11902547889157522	-0.000033756881075994986
0.11908747132849791	-0.000042703355022004966
0.1191494637654206	-0.00005145605006838891
0.1192114562023433	-0.00005999467418002943
0.11927344863926599	-0.00006830374885496888
0.1193354410761887	-0.00007635360404872737
0.11939743351311138	-0.00008413688978516407
0.11945942595003409	-0.00009163343849590802
0.11952141838695678	-0.00009882736017088118
0.11958341082387947	-0.00010570424786025355
0.11964540326080217	-0.00011224843201788319
0.11970739569772486	-0.00011844715917401041
0.11976938813464756	-0.0001242884695912424
0.11983138057157025	-0.00012976105329932212
0.11989337300849295	-0.0001348541308211384
0.11995536544541564	-0.00013956012350234737
0.12001735788233835	-0.0001438799887043331
0.12007935031926104	-0.00014777763058908096
0.12014134275618372	-0.00015127465189708516
0.12020333519310643	-0.00015435900037771882
0.12026532763002912	-0.00015702549685791018
0.12032732006695182	-0.0001592799835132571
0.12038931250387451	-0.0001611047268128494
0.12045130494079721	-0.00016250644713692927
0.1205132973777199	-0.00016347060623659473
0.1205752898146426	-0.00016403071616467486
0.1206372822515653	-0.00016418497534305385
0.12069927468848798	-0.00016391541611701784
0.12076126712541069	-0.00016323655919454766
0.12082325956233338	-0.00016215406249262926
0.12088525199925608	-0.00016067511805266122
0.12094724443617877	-0.0001588068897205459
0.12100923687310147	-0.00015655852233632808
0.12107122931002416	-0.0001539270479584587
0.12113322174694686	-0.00015095670956515508
0.12119521418386955	-0.00014762519815893316
0.12125720662079224	-0.00014395558061146537
0.12131919905771495	-0.00013995921908688036
0.12138119149463764	-0.00013565025090931868
0.12144318393156034	-0.00013104251778146652
0.12150517636848303	-0.00012615057282145588
0.12156716880540573	-0.00012099137101415476
0.12162916124232842	-0.00011557768223538545
0.12169115367925111	-0.00010992583114023521
0.12175314611617381	-0.00010405189588413593
0.1218151385530965	-0.00009797391718263731
0.1218771309900192	-0.00009170824314089564
0.1219391234269419	-0.00008527438436384657
0.1220011158638646	-0.00007868796909813941
0.12206310830078729	-0.00007196787379945574
0.12212510073770999	-0.00006513210811127347
0.12218709317463268	-0.0000581991043957253
0.12224908561155537	-0.0000511871110105465
0.12231107804847807	-0.00004411439917016193
0.12237307048540076	-0.00003699844798286098
0.12243506292232346	-0.00002985997628165552
0.12249705535924615	-0.000022715736700226025
0.12255904779616886	-0.0000155837336105507
0.12262104023309155	-8.481742705947962e-6
0.12268303267001425	-1.4273008247080832e-6
0.12274502510693694	5.562550588364957e-6
0.12280701754385963	0.000012470687231283586
0.12286900998078233	0.000019280587552021378
0.12293100241770502	0.000025976057066522264
0.12299299485462772	0.0000325414899595358
0.12305498729155041	0.000038961391610666673
0.12311697972847312	0.000045221346706998546
0.1231789721653958	0.00005130694689898496
0.12324096460231851	0.00005720535767349698
0.1233029570392412	0.00006290220618198803
0.12336494947616389	0.00006838586042649816
0.12342694191308659	0.00007363988651209444
0.12348893435000928	0.00007866269779014706
0.12355092678693198	0.00008344491939221488
0.12361291922385467	0.0000879665562433134
0.12367491166077738	0.00009221952662348589
0.12373690409770007	0.00009620619968653733
0.12379889653462275	0.00009990941487103685
0.12386088897154546	0.00010332550560591123
0.12392288140846815	0.00010644999971129576
0.12398487384539085	0.00010927580951363364