0.	0.5
0.0006199243692269542	0.43875147151059546
0.0012398487384539085	0.27005802121770456
0.0018597731076808628	0.03534204087723793
0.002479697476907817	-0.20780240529433364
0.003099621846134771	-0.3997731587959508
0.0037195462153617256	-0.49360050526937166
0.004339470584588679	-0.46646055951737597
0.004959394953815634	-0.3252346308090662
0.0055793193230425885	-0.10475939737088419
0.006199243692269542	0.1407849578738441
0.006819168061496497	0.35121467179487925
0.007439092430723451	0.4751193205467787
0.008059016799950405	0.4824415271919499
0.008678941169177359	0.371776863842395
0.009298865538404314	0.1706201364144186
0.009918789907631268	-0.07147734841405698
0.010538714276858221	-0.2951327136302163
0.011158638646085177	-0.44571790677246237
0.01177856301531213	-0.48671955144195905
0.012398487384539084	-0.40860111796985316
0.01301841175376604	-0.23101538057236384
0.013638336122992993	0.0021446663206111188
0.014258260492219947	0.2336075160513056
0.014878184861446903	0.4068067470242569
0.015498109230673856	0.47971948950225035
0.01611803359990081	0.4350699210933624
0.016737957969127765	0.28442045850443587
0.017357882338354717	0.06518141920921729
0.017977806707581673	-0.16868656728247117
0.018597731076808628	-0.35996557674823687
0.01921765544603558	-0.4621906579313922
0.019837579815262536	-0.4509437067176783
0.02045750418448949	-0.329685442702031
0.021077428553716443	-0.12873314724487045
0.0216973529229434	0.10232352140940007
0.022317277292170354	0.3068669090493094
0.022937201661397306	0.4351338409293922
0.02355712603062426	0.45632829348069126
0.024177050399851217	0.3660154099668051
0.02479697476907817	0.18702167623170224
0.025416899138305124	-0.03633345103003533
0.02603682350753208	-0.2492123463045838
0.02665674787675903	-0.3997355730964259
0.027276672245985987	-0.45162302782490765
0.027896596615212942	-0.3929423973693026
0.028516520984439894	-0.23884077863765293
0.02913644535366685	-0.027642932733662782
0.029756369722893805	0.1886816526031334
0.030376294092120757	0.35731064873794655
0.030996218461347712	0.43747064616567444
0.031616142830574664	0.4102961616514333
0.03223606719980162	0.2832623463655437
0.032855991569028575	0.08815311317267475
0.03347591593825553	-0.12689078785641839
0.034095840307482486	-0.3092512961181678
0.034715764676709435	-0.4147100635034183
0.03533568904593639	-0.41817065127110625
0.035955613415163346	-0.3196261221324903
0.0365755377843903	-0.1439540307322797
0.037195462153617256	0.06535916530294349
0.03781538652284421	0.25698324146358703
0.03843531089207116	0.3843328313664881
0.039055235261298116	0.4168923674426346
0.03967515963052507	0.347525260235232
0.04029508399975203	0.19401520360630575
0.04091500836897898	-0.005483490142123851
0.04153493273820593	-0.20192857339418996
0.042154857107432886	-0.34744255085588077
0.04277478147665984	-0.4069851322414743
0.0433947058458868	-0.36678871618128395
0.04401463021511375	-0.2375208105819234
0.04463455458434071	-0.05148188244008864
0.045254478953567656	0.14546965558679897
0.04587440332279461	0.30521806737315943
0.04649432769202157	0.3891451081274182
0.04711425206124852	0.3774617498587674
0.04773417643047548	0.2738677049188718
0.04835410079970243	0.10443933445902599
0.04897402516892938	-0.08892806821998538
0.04959394953815634	-0.25888014694787187
0.05021387390738329	-0.36419560874962204
0.05083379827661025	-0.3797827255609204
0.051453722645837204	-0.3026584262384578
0.05207364701506416	-0.15245936283207098
0.05269357138429111	0.033534728433405166
0.05331349575351806	0.2096588597788433
0.05393342012274502	0.3330706688928031
0.054553344491971974	0.3741697751917529
0.05517326886119893	0.3236923215195653
0.055793193230425885	0.19478353858114586
0.05641311759965283	0.019586330634690893
0.05703304196887979	-0.15876863586154683
0.057652966338106744	-0.29677891530768125
0.0582728907073337	-0.36117895459498944
0.058892815076560655	-0.3369533615364348
0.05951273944578761	-0.23082936827024958
0.06013266381501456	-0.0694338621309099
0.060752588184241514	0.10738137165077015
0.06137251255346847	0.256376474302028
0.061992436922695425	0.3414986404504909
0.06261236129192238	0.3425961005134199
0.06323228566114933	0.26018800570184014
0.06385221003037629	0.11514110089060825
0.06447213439960324	-0.05660599590623753
0.06509205876883019	-0.2129445394270395
0.06571198313805715	-0.31591709770455795
0.0663319075072841	-0.34092927344786
0.06695183187651106	-0.28261966062808264
0.06757175624573801	-0.1559842546481626
0.06819168061496497	0.007469367370381893
0.06881160498419192	0.1675583942751595
0.06943152935341887	0.28529946743032375
0.07005145372264583	0.3323985478910187
0.07067137809187278	0.29804645922987927
0.07129130246109974	0.1913871087804978
0.07191122683032669	0.039099338113493344
0.07253115119955364	-0.12127081928967791
0.0731510755687806	-0.25056407133210223
0.07377099993800755	-0.3175671863617351
0.07439092430723451	-0.3065439964912398
0.07501084867646146	-0.2209230287636036
0.07563077304568842	-0.08228116081700061
0.07625069741491537	0.07509020422928006
0.07687062178414232	0.21266195156712037
0.07749054615336928	0.2970973097641974
0.07811047052259623	0.3083276596423205
0.0787303948918232	0.24431407950810038
0.07935031926105014	0.12137692903373136
0.07997024363027709	-0.029962177498344456
0.08059016799950405	-0.17255179850078248
0.081210092368731	-0.27172813202845797
0.08183001673795796	-0.30373831166617976
0.08244994110718491	-0.2614260930278639
0.08306986547641186	-0.15581403888778667
0.08368978984563882	-0.01324556688586519
0.08430971421486577	0.13118217728368123
0.08492963858409273	0.24225782117520228
0.08554956295331968	0.29323319255321756
0.08616948732254665	0.27226346914219873
0.0867894116917736	0.18514985640134934
0.08740933606100054	0.05375605790810341
0.0880292604302275	-0.08947372392374983
0.08864918479945445	-0.20952314070951836
0.08926910916868142	-0.27736128557668926
0.08988903353790836	-0.27695985434519466
0.09050895790713531	-0.2090727786495526
0.09112888227636227	-0.09089329986165856
0.09174880664558922	0.04829693720819218
0.09236873101481619	0.17437713413301953
0.09298865538404313	0.2567508607018645
0.0936085797532701	0.2757668718051811
0.09422850412249704	0.2274012365539573
0.094848428491724	0.1240903341905357
0.09546835286095096	-0.008462407996935564
0.0960882772301779	-0.13767446363337435
0.09670820159940487	-0.23209150639867707
0.09732812596863182	-0.2690429912110094
0.09794805033785876	-0.2400786229623508
0.09856797470708573	-0.1528931062570916
0.09918789907631267	-0.029293029906105942
0.09980782344553964	0.10025111341763927
0.10042774781476659	0.20411529735482214
0.10104767218399353	0.25723871465568554
0.1016675965532205	0.24716660806437768
0.10228752092244744	0.17696389388141479
0.10290744529167441	0.06431850359781034
0.10352736966090136	-0.06291070409126094
0.10414729403012832	-0.17358032420785868
0.10476721839935527	-0.24088303838354228
0.10538714276858221	-0.2488385822840244
0.10600706713780918	-0.19608178703943469
0.10662699150703613	-0.09605611937514405
0.10724691587626309	0.026408278026973347
0.10786684024549004	0.14125290673114502
0.10848676461471699	0.2205669737867315
0.10910668898394395	0.24536791336565464
0.1097266133531709	0.21013943495161874
0.11034653772239786	0.12404708771900895
0.1109664620916248	0.008561517376427852
0.11158638646085177	-0.10789227628277873
0.11220631083007872	-0.19692735323662652
0.11282623519930567	-0.23711667644852566
0.11344615956853263	-0.21913768059216646
0.11406608393775958	-0.14793507438099762
0.11468600830698654	-0.0413750492350779
0.11530593267621349	0.07423521124823831
0.11592585704544044	0.1706362479614031
0.1165457814146674	0.22452470087581958
0.11716570578389435	0.2231811854244594
0.11778563015312131	0.16746829887410158
0.11840555452234826	0.07148816421316953
0.11902547889157522	-0.04098152193289397
0.11964540326080217	-0.14237551037686272
0.12026532763002912	-0.20809417263370855
0.12088525199925608	-0.22246985504055983
0.12150517636848303	-0.18249668418227397
0.12212510073770999	-0.09844291788036942
0.12274502510693694	0.008784158692917156
0.12336494947616389	0.1128313777575681
0.12398487384539085	0.18837640695246752
0.1246047982146178	0.21728883575680055
0.12522472258384476	0.19297254703847186
0.1258446469530717	0.1218713220806969
0.12646457132229866	0.021763509409506936
0.1270844956915256	-0.08267729076170888
0.12770442006075258	-0.1659586882501679
0.12832434442997953	-0.20799406102784
0.12894426879920648	-0.19894042409061077
0.12956419316843343	-0.141498770499925
0.13018411753766038	-0.05013538938650908
0.13080404190688735	0.052558269929482766
0.1314239662761143	0.1414491402455694
0.13204389064534125	0.19501150727144276
0.1326638150145682	0.20053633352860445
0.13328373938379517	0.15714250903149243
0.13390366375302212	0.0758794179052878
0.13452358812224907	-0.02308488508651161
0.13514351249147602	-0.1154641382541455
0.13576343686070297	-0.1788122235664401
0.13638336122992994	-0.19797562163397778
0.1370032855991569	-0.16871220027224465
0.13762320996838384	-0.09862272689166442
0.1382431343376108	-0.0051822904104627
0.13886305870683774	0.088614345040123
0.13948298307606471	0.1599087063007616
0.14010290744529166	0.19154658223964083
0.1407228318145186	0.17620385128806076
0.14134275618374556	0.11807454456390595
0.1419626805529725	0.031738479030598114
0.14258260492219949	-0.06149363228368625
0.14320252929142643	-0.1388373525093752
0.14382245366065338	-0.18160002570928913
0.14444237802988033	-0.1796980079819518
0.14506230239910728	-0.13402679432882433
0.14568222676833426	-0.05614229416765058
0.1463021511375612	0.03466747762130113
0.14692207550678815	0.116148720554194
0.1475419998760151	0.16853752181920334
0.14816192424524205	0.17935164915272025
0.14878184861446903	0.14635724129152797
0.14940177298369597	0.0780211100804932
0.15002169735292292	-0.008662821764906965
0.15064162172214987	-0.09239488563485121
0.15126154609137685	-0.152800998599337
0.1518814704606038	-0.17538778043654538
0.15250139482983074	-0.15501960123702946
0.1531213191990577	-0.0970755468668848
0.15374124356828464	-0.016039434938069735
0.15436116793751162	0.06811826021471654
0.15498109230673857	0.13486094359286915
0.15560101667596551	0.16809466195981299
0.15622094104519246	0.160046518407079
0.1568408654144194	0.11307860730487033
0.1574607897836464	0.039012750549478954
0.15808071415287334	-0.04384039636889044
0.15870063852210028	-0.115206992303182
0.15932056289132723	-0.15780854188517865
0.15994048726055418	-0.16154402275657423
0.16056041162978116	-0.12588011698317175
0.1611803359990081	-0.0598894648748511
0.16180026036823505	0.02005395298408752
0.162420184737462	0.09433471220839229
0.16304010910668895	0.1449078500191452
0.16366003347591593	0.15968129875851986
0.16427995784514288	0.13540252127575972
0.16489988221436983	0.07836543755903665
0.16551980658359677	0.0027871755836542675
0.16613973095282372	-0.07273689022702413
0.1667596553220507	-0.12980387213547706
0.16737957969127765	-0.15468844231617065
0.1679995040605046	-0.14163845967452077
0.16861942842973154	-0.09420278449562325
0.16923935279895852	-0.024273389856751603
0.16985927716818547	0.05089199270322079
0.17047920153741242	0.11292715646255475
0.17109912590663937	0.14684317857535706
0.17171905027586631	0.14465018964838658
0.1723389746450933	0.10723046829335497
0.17295889901432024	0.04404626299310566
0.1735788233835472	-0.029257411058726538
0.17419874775277414	-0.09472035108746804
0.17481867212200108	-0.13646782751112102
0.17543859649122806	-0.1445572401832704
0.176058520860455	-0.11734406701786633
0.17667844522968196	-0.06180232231959906
0.1772983695989089	0.008259584919642769
0.17791829396813585	0.07562877599646681
0.17853821833736283	0.12391584898236498
0.17915814270658978	0.14154014256496059
0.17977806707581673	0.1245042280407544
0.18039799144504368	0.07729618310977632
0.18101791581427062	0.011712014643826908
0.1816378401834976	-0.05608939426862947
0.18225776455272455	-0.10956554398710903
0.1828776889219515	-0.13582503908614302
0.18349761329117845	-0.12873356569456088
0.1841175376604054	-0.09034271406310032
0.18473746202963237	-0.030310929532900495
0.18535738639885932	0.03652385668645288
0.18597731076808627	0.09381020231144524
0.18659723513731322	0.12768205711547295
0.1872171595065402	0.13011295337194295
0.18783708387576714	0.10081622886702273
0.1884570082449941	0.047238210798627604
0.18907693261422104	-0.017330256288893123
0.189696856983448	-0.07704921400602113
0.19031678135267496	-0.11741411950298215
0.1909367057219019	-0.12876743622647235
0.19155663009112886	-0.10865076238010665
0.1921765544603558	-0.06224554074013817
0.19279647882958276	-0.0011235313310900537
0.19341640319880973	0.0596786986408382
0.19403632756803668	0.10534924747700962
0.19465625193726363	0.1249061391054955
0.19527617630649058	0.11383761530399227
0.19589610067571753	0.07513808136331676
0.1965160250449445	0.01850552245802565
0.19713594941417145	-0.042086563908970434
0.1977558737833984	-0.09183516944318279
0.19837579815262535	-0.1187236998074401
0.1989957225218523	-0.11642240343398226
0.19961564689107927	-0.08577449072253343
0.20023557126030622	-0.0345241838318891
0.20085549562953317	0.024641260648446187
0.20147541999876012	0.0772282342306952
0.20209534436798707	0.11048676491833029
0.20271526873721404	0.1165003579260761
0.203335193106441	0.09406796977457646
0.20395511747566794	0.0489321573845397
0.2045750418448949	-0.007688233419795979
0.20519496621412187	-0.06188589983168197
0.20581489058334881	-0.10046853881442676
0.20643481495257576	-0.11421187628749473
0.2070547393218027	-0.09998304210374279
0.20767466369102966	-0.06152961194695704
0.20829458806025664	-0.008456889396924138
0.20891451242948358	0.04616147342719952
0.20953443679871053	0.08900170451739489
0.21015436116793748	0.10973909910166153
0.21077428553716443	0.10353541445975957
0.2113942099063914	0.07216362114326905
0.21201413427561835	0.0235127257725735
0.2126340586448453	-0.030395299694377553
0.21325398301407225	-0.07637401821709959
0.2138739073832992	-0.10329604129354447
0.21449383175252618	-0.1047869088961721
0.21511375612175312	-0.0807304400198662
0.21573368049098007	-0.03723585076449816
0.21635360486020702	0.014909370709592711
0.21697352922943397	0.06291586649757135
0.21759345359866095	0.09512579874723255
0.2182133779678879	0.10384333489032363
0.21883330233711484	0.08717429528606396
0.2194532267063418	0.04942436507891604
0.22007315107556874	-1.5462784186880963e-6
0.22069307544479572	-0.048947365180483725
0.22131299981402267	-0.08549127038425712
0.2219329241832496	-0.10085027815771816
0.22255284855247656	-0.09148387141070512
0.22317277292170354	-0.059918201454235466
0.2237926972909305	-0.014058800675120595
0.22441262166015744	0.03478105645036212
0.22503254602938438	0.0746717863370068
0.22565247039861133	0.09598032552535597
0.2262723947678383	0.09369457903279757
0.22689231913706526	0.0686008901949854
0.2275122435062922	0.027034797259552296
0.22813216787551915	-0.020715106541775666
0.2287520922447461	-0.06295395229143806
0.22937201661397308	-0.08944283313641506
0.22999194098320003	-0.09388053969766662
0.23061186535242698	-0.07539925246242875
0.23123178972165392	-0.038725197752296894
0.23185171409088087	0.007028937062671853
0.23247163846010785	0.05062364533222307
0.2330915628293348	0.08146416541040702
0.23371148719856175	0.09215282075524385
0.2343314115677887	0.08028302896232746
0.23495133593701564	0.048966537651789106
0.23557126030624262	0.0060217132712748304
0.23619118467546957	-0.03797317932546237
0.23681110904469652	-0.07228692110326783
0.23743103341392346	-0.08865542625297801
0.23805095778315044	-0.08326163974982326
0.2386708821523774	-0.057632093142469726
0.23929080652160434	-0.01820830232400052
0.2399107308908313	0.025269442615507152
0.24053065526005823	0.062167338488451455
0.2411505796292852	0.08355989063579969
0.24177050399851216	0.0843833837108056
0.2423904283677391	0.06463742968784869
0.24301035273696606	0.02933299382155254
0.243630277106193	-0.012776146697250228
0.24425020147541998	-0.05136318943401725
0.24487012584464693	-0.07706038232814047
0.24549005021387388	-0.08373104164124702
0.24610997458310083	-0.06993424075416356
0.24672989895232778	-0.03923076752136395
0.24734982332155475	0.000733934267238965
0.2479697476907817	0.040131764988831316
0.24858967206000865	0.06936780174283022
0.2492095964292356	0.08141843087091132
0.24982952079846255	0.0735125119182303
0.2504494451676895	0.047770632489243556
0.25106936953691644	0.010638528468634655
0.2516892939061434	-0.028721743082395626
0.2523092182753704	-0.06070767748102137
0.2529291426445973	-0.07758691462505958
0.2535490670138243	-0.07539720732238397
0.2541689913830512	-0.05485663034297997
0.2547889157522782	-0.02114882200917374
0.25540884012150517	0.017384999695480893
0.2560287644907321	0.051308678430086685
0.25664868885995906	0.07240074328531657
0.257268613229186	0.07564620497253936
0.25788853759841296	0.060428109845083476
0.25850846196763994	0.030632964311933675
0.25912838633686686	-0.006337070291775619
0.25974831070609383	-0.04140402783589461
0.26036823507532075	-0.06604191213617217
0.26098815944454773	-0.07434817848399752
0.2616080838137747	-0.0644577155839516
0.2622280081830016	-0.03895699810701323
0.2628479325522286	-0.004211269962936082
0.2634678569214555	0.03122321499202003
0.2640877812906825	0.058705750537302766
0.2647077056599095	0.07161674091243798
0.2653276300291364	0.06695150382005743
0.2659475543983634	0.04601812516403094
0.26656747876759035	0.014074583857692108
0.26718740313681727	-0.020988369327641865
0.26780732750604425	-0.050597056105840754
0.26842725187527117	-0.06758890582465185
0.26904717624449814	-0.06794716769441762
0.2696671006137251	-0.051745135117882445
0.27028702498295204	-0.02309185527536245
0.270906949352179	0.010909918446896786
0.27152687372140594	0.04192296239775873
0.2721467980906329	0.06242030274301112
0.2727667224598599	0.06750847308056475
0.2733866468290868	0.056097755293142135
0.2740065711983138	0.03112856251671986
0.2746264955675407	-0.0011833027687902723
0.2752464199367677	-0.03289305117731428
0.27586634430599466	-0.05628022257536393
0.2764862686752216	-0.06572654204926427
0.27710619304444856	-0.059065726954805095
0.2777261174136755	-0.038077140471817005
0.27834604178290245	-0.008014335418159546
0.27896596615212943	0.02370932745763303
0.27958589052135635	0.04934818162898694
0.2802058148905833	0.06271325810025268
0.28082573925981025	0.060667869198192684
0.2814456636290372	0.043858897710495795
0.2820655879982642	0.016526604689526905
0.2826855123674911	-0.014567542359117079
0.2833054367367181	-0.04180997390798248
0.283925361105945	-0.058601038031021936
0.284545285475172	-0.060948836891046874
0.28516520984439897	-0.04842327978755004
0.2857851342136259	-0.024219981603469436
0.28640505858285287	0.005649843223179198
0.2870249829520798	0.03385312234035728
0.28764490732130676	0.05353360323342337
0.28826483169053374	0.0599789061530548
0.28888475605976066	0.051746492755445093
0.28950468042898764	0.030985165577578376
0.29012460479821456	0.002875325067125364
0.29074452916744153	-0.02566227412633869
0.2913644535366685	-0.04766869241789479
0.29198437790589543	-0.057848145074420106
0.2926043022751224	-0.05383205102170372
0.29322422664434933	-0.03673774283278391
0.2938441510135763	-0.010857505612072145
0.2944640753828033	0.017417000395019182
0.2950839997520302	0.04117302735792328
0.2957039241212572	0.054665958398222934
0.2963238484904841	0.054707635583707365
0.2969437728597111	0.04141851768121929
0.29756369722893805	0.018165865288065134
0.29818362159816497	-0.009287343451585488
0.29880354596739195	-0.03421116321631953
0.29942347033661887	-0.05055663634962577
0.30004339470584585	-0.05442461185021865
0.3006633190750728	-0.044993405325000714
0.30128324344429974	-0.02469052614378492
0.3019031678135267	0.001431634568603299
0.3025230921827537	0.02695127588038663
0.3031430165519806	0.045656138411387916
0.3037629409212076	0.05305458628559683
0.3043828652904345	0.04745345794073135
0.3050027896596615	0.030343761147687137
0.30562271402888846	0.006006365513998954
0.3062426383981154	-0.01955817821052182
0.30686256276734236	-0.04010895212377783
0.3074824871365693	-0.05068699279946787
0.30810241150579626	-0.048811587120312944
0.30872233587502323	-0.03506057817729718
0.30934226024425016	-0.012899998887663992
0.30996218461347713	0.012188786297748298
0.31058210898270405	0.03406406057809481
0.31120203335193103	0.04742671209238898
0.311821957721158	0.049103141097855636
0.3124418820903849	0.03879858723937147
0.3130618064596119	0.01914012750164343
0.3136817308288388	-0.0049913150771817814
0.3143016551980658	-0.027672285416395798
0.3149215795672928	-0.04339259021607454
0.3155415039365197	-0.04838291275575163
0.3161614283057467	-0.04153774693695108
0.3167813526749736	-0.024637637632724155
0.31740127704420057	-0.0018981431944960433
0.31802120141342755	0.021083025784345944
0.31864112578265447	0.03870387919490108
0.31926105015188144	0.04672273467976759
0.31988097452110836	0.04327903082743803
0.32050089889033534	0.02932304893211436
0.3211208232595623	0.00835746284808712
0.32174074762878924	-0.014441065796834617
0.3223606719980162	-0.03349950968029668
0.32298059636724313	-0.04421002769869917
0.3236005207364701	-0.04404420306967993
0.3242204451056971	-0.033147766222420674
0.324840369474924	-0.014280154527840365
0.325460293844151	0.007883941019289546
0.3260802182133779	0.027911814686672788
0.3267001425826049	0.040943827581862914
0.32732006695183186	0.04387315288782277
0.3279399913210588	0.036083262445907364
0.32855991569028575	0.019576691347286707
0.3291798400595127	-0.0015398011049947904
0.32979976442873965	-0.022076096591177916
0.3304196887979666	-0.0370338776629933
0.33103961316719355	-0.04282239573145758
0.3316595375364205	-0.038120332349014664
0.33227946190564744	-0.0241759454617659
0.3328993862748744	-0.0044748841280927935
0.3335193106441014	0.01612472309207096
0.3341392350133283	0.0325953702277119
0.3347591593825553	0.04096349358116627
0.33537908375178227	0.03926899548288967
0.3359990081210092	0.028022506453048962
0.33661893249023617	0.010056907550250361
0.3372388568594631	-0.010184789982276132
0.33785878122869006	-0.02774825653375338
0.33847870559791704	-0.03837983702283622
0.33909862996714396	-0.039556460602410776
0.33971855433637094	-0.031082924413346116
0.34033847870559786	-0.015117804656672005
0.34095840307482483	0.004376103789961298
0.3415783274440518	0.02261447035380824
0.34219825181327873	0.035165377882067354
0.3428181761825057	0.03902589272584563
0.34343810055173263	0.03333935567639792
0.3440580249209596	0.019584524314537895
0.3446779492901866	0.0011910517181215408
0.3452978736594135	-0.01731404498095282
0.3459177980286405	-0.03142067785855317
0.3465377223978674	-0.03773417314188587
0.3471576467670944	-0.034791769052822
0.34777757113632135	-0.02340029032470819
0.34839749550554827	-0.006417563225713773
0.34901741987477525	0.0119641327107149
0.34963734424400217	0.027252011522406677
0.35025726861322914	0.03575109629482567
0.3508771929824561	0.03545633843201084
0.35149711735168304	0.026524893311947014
0.35211704172091	0.01121686948375339
0.35273696609013694	-0.006675715477896045
0.3533568904593639	-0.02276793364084354
0.3539768148285909	-0.03315594021912133
0.3545967391978178	-0.035364488820284486
0.3552166635670448	-0.02893421245832233
0.3558365879362717	-0.015515966228656908
0.3564565123054987	0.0015526908679604217
0.35707643667472566	0.018077105777707714
0.3576963610439526	0.030036681370421994
0.35831628541317956	0.03456098863154706
0.3589362097824065	0.03061982409488541
0.35955613415163346	0.019256085009628575
0.36017605852086043	0.003310549663250551
0.36079598289008735	-0.013286884150397726
0.36141590725931433	-0.026485699542608307
0.36203583162854125	-0.03310268316179584
0.3626557559977682	-0.031589340683573275
0.3632756803669952	-0.022393435995249088
0.3638956047362221	-0.007830239965325484
0.3645155291054491	0.008499540927562632
0.365135453474676	0.022599770472493202
0.365755377843903	0.03105633350435893
0.36637530221312997	0.03186325787730818
0.3669952265823569	0.024898393054218135
0.36761515095158387	0.0119341732502752
0.3682350753208108	-0.0038121968477787256
0.36885499969003777	-0.01847662747833812
0.36947492405926474	-0.028496720297774336
0.37009484842849166	-0.031475875102438676
0.37071477279771864	-0.02675639483328407
0.3713346971669456	-0.015563049635866777
0.37195462153617254	-0.0006862189299667182
0.3725745459053995	0.01421320807434576
0.37319447027462643	0.025504986571908923
0.3738143946438534	0.030472464895413165
0.3744343190130804	0.027966467683304054
0.3750542433823073	0.018670079139089895
0.3756741677515343	0.004914452901301526
0.3762940921207612	-0.009904328706606057
0.3769140164899882	-0.02216639961668764
0.37753394085921516	-0.028908165337053086
0.3781538652284421	-0.028540466044441562
0.37877378959766905	-0.02122207174044786
0.379393713966896	-0.00880351340883681
0.38001363833612295	0.005639671877763753
0.3806335627053499	0.01856849178972278
0.38125348707457685	0.026847135193743776
0.3818734114438038	0.028503611899998022
0.38249333581303074	0.02319871263363009
0.3831132601822577	0.012292589943051544
0.3837331845514847	-0.0015030482596624006
0.3843531089207116	-0.014798515933335228
0.3849730332899386	-0.024358918869678715
0.3855929576591655	-0.02789121218641544
0.3862128820283925	-0.024592965273393892
0.38683280639761947	-0.015333967792001062
0.3874527307668464	-0.00242887280604183
0.38807265513607336	0.010943001822586507
0.3886925795053003	0.021518571674085177
0.38931250387452726	0.026748053678536478
0.38993242824375424	0.025409296855159854
0.39055235261298116	0.017892305306987603
0.39117227698220813	0.006088003872950845
0.39179220135143505	-0.007084791657952859
0.39241212572066203	-0.018403473093881094
0.393032050089889	-0.025127952114619437
0.3936519744591159	-0.025664245613006974
0.3942718988283429	-0.019941835054696433
0.3948918231975698	-0.009415756458768227
0.3955117475667968	0.0033023971405025496
0.3961316719360238	0.015092335511865403
0.3967515963052507	0.023090585379307714
0.3973715206744777	0.025384450097685383
0.3979914450437046	0.0214708098766724
0.39861136941293157	0.012363434108989293
0.39923129378215855	0.00033192244677410617
0.39985121815138547	-0.011663721453284051
0.40047114252061244	-0.020700787903017763
0.40109106688983936	-0.024606256538821317
0.40171099125906634	-0.02247692173189834
0.4023309156282933	-0.014893139936899629
0.40295083999752024	-0.0037528895278456137
0.4035707643667472	0.008193466431544049
0.40419068873597414	0.0180273980935188
0.4048106131052011	0.02337311471401267
0.4054305374744281	0.022971644037910115
0.406050461843655	0.016976838102941223
0.406670386212882	0.006903383529188261
0.40729031058210896	-0.0047545170551602815
0.4079102349513359	-0.015140597856417902
0.40853015932056286	-0.021736524216648567
0.4091500836897898	-0.022972052180820324
0.40977000805901675	-0.018598123581829475
0.41038993242824373	-0.009734730873829566
0.41100985679747065	0.00141456580244843
0.41162978116669763	0.012110964762386984
0.41224970553592455	0.01975249377392665
0.4128696299051515	0.02250678589951465
0.4134895542743785	0.019750149640566664
0.4141094786436054	0.012207909107269758
0.4147294030128324	0.0017641142367201307
0.4153493273820593	-0.009008134466201504
0.4159692517512863	-0.017480812051737172
0.41658917612051327	-0.02161172579346386
0.4172091004897402	-0.020436512805724904
0.41782902485896717	-0.014292962316330841
0.4184489492281941	-0.004726360557264924
0.41906887359742107	0.005899148841247217
0.41968879796664804	0.014983906356013479
0.42030872233587496	0.020329486522143485
0.42092864670510194	0.020669481844255953
0.42154857107432886	0.015969765398429318
0.42216849544355584	0.0074243253929448475
0.4227884198127828	-0.0028472077560186687
0.42340834418200973	-0.012325292534099535
0.4240282685512367	-0.018708096448375122
0.42464819292046363	-0.02047044799698329
0.4252681172896906	-0.01722758089367459
0.4258880416589176	-0.009818463261172167
0.4265079660281445	-0.0000888667605557428
0.4271278903973715	0.009567905769363953
0.4277478147665984	0.016799572586145423
0.4283677391358254	0.019867564795738514
0.42898766350505235	0.01806482494963074
0.4296075878742793	0.011877538114405351
0.43022751224350625	0.0028562318423739183
0.43084743661273317	-0.0067734393215738015
0.43146736098196015	-0.014659149711612144
0.4320872853511871	-0.01889630195975383
0.43270720972041404	-0.018487978723633416
0.433327134089641	-0.01357871739769851
0.43394705845886794	-0.005408326847654798
0.4345669828280949	0.004000484208491179
0.4351869071973219	0.012343239612244058
0.4358068315665488	0.017597337144384828
0.4364267559357758	0.018512496660370654
0.4370466803050027	0.01490798298685323
0.4376666046742297	0.007705801436094996
0.43828652904345666	-0.0013041065539261237
0.4389064534126836	-0.009908776915298354
0.43952637778191056	-0.016015400323862814
0.4401463021511375	-0.018160353579709958
0.44076622652036446	-0.015859458176142156
0.44138615088959143	-0.00971638936153697
0.44200607525881835	-0.0012654174799925483
0.44262599962804533	0.007411011438753858
0.4432459239972723	0.014198912782821503
0.4438658483664992	0.01746016288865997
0.4444857727357262	0.016435420817537145
0.4451056971049531	0.011415780630630087
0.4457256214741801	0.00366323169786396
0.4463455458434071	-0.004906739138044013
0.446965470212634	-0.012197956578919356
0.447585394581861	-0.01644593084024719
0.4482053189510879	-0.01664545787185005
0.44882524332031487	-0.012787191743987182
0.44944516768954185	-0.005850458479369433
0.45006509205876877	0.0024444845811656384
0.45068501642799574	0.010063242126149907
0.45130494079722266	0.015155975166210218
0.45192486516644964	0.016506234484160255
0.4525447895356766	0.013821138726798474
0.45316471390490354	0.007794739690325292
0.4537846382741305	-0.0000726865505640328
0.45440456264335743	-0.007846075895779457
0.4550244870125844	-0.013632175898247209
0.4556444113818114	-0.016040332112462235
0.4562643357510383	-0.014516506314250036
0.4568842601202653	-0.009470511098024733
0.4575041844894922	-0.002165743660233755
0.4581241088587192	0.005595919207034924
0.45874403322794616	0.011918548264315652
0.4593639575971731	0.01527565479910675
0.45998388196640005	0.01487811735789465
0.460603806335627	0.010859077787851553
0.46122373070485395	0.00423301420311654
0.4618436550740809	-0.003360171149595345
0.46246357944330785	-0.010060867533624483
0.4630835038125348	-0.014245006907496008
0.46370342818176175	-0.014917507765910522
0.4643233525509887	-0.011948529544002278
0.4649432769202157	-0.006096956158096287
0.4655632012894426	0.0011834735760310304
0.4661831256586696	0.00810485021422705
0.4668030500278965	0.012984149709343475
0.4674229743971235	0.014652322319632611
0.46804289876635047	0.012733883862579676
0.4686628231355774	0.007731404602742023
0.46928274750480437	0.0008934770339666883
0.4699026718740313	-0.006095737035750302
0.47052259624325826	-0.011531696690991416
0.47114252061248524	-0.014105091668402016
0.47176244498171216	-0.013216075678878031
0.47238236935093914	-0.009116137655783793
0.47300229372016606	-0.0028342236912092286
0.47362221808939303	0.0040772655971377785
0.47424214245862	0.009928227026219727
0.47486206682784693	0.013303136522312624
0.4754819911970739	0.013403819386783597
0.4761019155663009	0.010237417391101511
0.4767218399355278	0.004607194130547794
0.4773417643047548	-0.0020909430228152467
0.4779616886739817	-0.008214555442496567
0.4785816130432087	-0.012277126816554108
0.47920153741243565	-0.013308784337355111
0.4798214617816626	-0.011087441009637633
0.48044138615088955	-0.006185998044239058
0.48106131052011647	0.00017515787961947614
0.48168123488934345	0.006431828382915239
0.4823011592585704	0.011060599664219595
0.48292108362779734	0.012949321674604152
0.4835410079970243	0.011664384691006847
0.48416093236625124	0.0075495919349219615
0.4847808567354782	0.0016352965984706238
0.4854007811047052	-0.004620127095187698
0.4860207054739321	-0.009688888544064314
0.4866406298431591	-0.012347826068000774
0.487260554212386	-0.011972059044529672
0.487880478581613	-0.008682763348713471
0.48850040295083996	-0.0033096641673443315
0.4891203273200669	0.0028177528840846195
0.48974025168929386	0.00819907969371719
0.4903601760585208	0.01153033327845793
0.49098010042774776	0.01201968033371008
0.49160002479697473	0.009575434408616045
0.49221994916620165	0.004821786690398876
0.49283987353542863	-0.0010605638424630729
0.49345979790465555	-0.006627558910282521
0.4940797222738825	-0.01052546086522659
0.4946996466431095	-0.011820828870295532
0.4953195710123364	-0.01022317563710164
0.4959394953815634	-0.006150156817226198
0.4965594197507903	-0.0006179512656114755
0.4971793441200173	0.005011126475562879
0.4977992684892443	0.009364764776577333
0.4984191928584712	0.011393705318061652
0.49903911722769817	0.010627157932276442
0.4996590415969251	0.007278358902982413
0.5002789659661521	0.002188630010086569
0.500898890335379	-0.0033849610618994653
0.501518814704606	-0.008079683463845943
0.5021387390738329	-0.010760081509886917
0.5027586634430599	-0.010792522982042299
0.5033785878122868	-0.008194900111649927
0.5039985121815138	-0.0036256699153655674
0.5046184365507408	0.0017826622383285706
0.5052383609199677	0.006704048886265887
0.5058582852891946	0.009944165185006059
0.5064782096584216	0.010729771388415079
0.5070981340276486	0.00889325782630802
0.5077180583968756	0.004907509752418835
0.5083379827661024	-0.00023530273967243938
0.5089579071353294	-0.005270889197576592
0.5095778315045564	-0.008973201553084603
0.5101977558737834	-0.010453149143025142
0.5108176802430103	-0.009371639987378281
0.5114376046122372	-0.006017092951798394
0.5120575289814642	-0.0012288454767474433
0.5126774533506911	0.0038122660131970246
0.5132973777199181	0.007875500536856041
0.5139173020891451	0.009980296678681779
0.514537226458372	0.009632799601693927
0.5151571508275989	0.006941424836194573
0.5157770751968259	0.002584876927535515
0.5163969995660529	-0.002359317013033162
0.5170169239352799	-0.0066806181552152245
0.5176368483045067	-0.009332104472982376
0.5182567726737337	-0.00968396260596927
0.5188766970429607	-0.00767272051638399
0.5194966214121877	-0.0038114112744545353
0.5201165457814146	0.0009411417877735662
0.5207364701506415	0.005418219683221516
0.5213563945198685	0.008530185218850022
0.5219763188890955	0.009535835274230556
0.5225962432583224	0.008206815834452626
0.5232161676275494	0.004890902265387202
0.5238360919967763	0.00041548576050717926
0.5244560163660033	-0.004117765952519802
0.5250759407352302	-0.007603635464481726
0.5256958651044572	-0.009202962125720452
0.5263157894736842	-0.008544249125673765
0.526935713842911	-0.005809966952836483
0.527555638212138	-0.0016865634751260894
0.528175562581365	0.0028077575038061597
0.528795486950592	0.006574362620918105
0.529415411319819	0.008702375666507127
0.5300353356890459	0.00868926022489119
0.5306552600582728	0.0065589695643573625
0.5312751844274998	0.0028511951259463627
0.5318951087967267	-0.001515341986901458
0.5325150331659537	-0.005470237723778188
0.5331349575351807	-0.008053791323467318
0.5337548819044076	-0.008649906936650907
0.5343748062736345	-0.007132482071777261
0.5349947306428615	-0.0038918085917522406
0.5356146550120885	0.00026567216656983177
0.5362345793813155	0.004318025813700499
0.5368545037505423	0.007278963420663004
0.5374744281197693	0.008437477463621576
0.5380943524889963	0.007528743753612488
0.5387142768582233	0.004794410083636913
0.5393342012274502	0.0009183385757348324
0.5399541255966771	-0.003143868364397232
0.5405740499659041	-0.006400595791345596
0.5411939743351311	-0.00806628242922784
0.541813898704358	-0.007749963789248086
0.542433823073585	-0.0055485140497690605
0.5430537474428119	-0.002016424291886607
0.5436736718120389	0.001972713322668642
0.5442935961812658	0.0054424221300854135
0.5449135205504928	0.007552220786131868
0.5455334449197198	0.0078015434610543355
0.5461533692889466	0.006147200121530621
0.5467732936581736	0.00301120663809743
0.5473932180274006	-0.0008281351432780801
0.5480131423966276	-0.004428432296447177
0.5486330667658545	-0.006914766894601507
0.5492529911350814	-0.007691978430997862
0.5498729155043084	-0.006587373996549903
0.5504928398735354	-0.0038883771005519033
0.5511127642427623	-0.0002681500840752478
0.5517326886119893	0.0033822763106840957
0.5523526129812162	0.00617315638830796
0.5529725373504432	0.007432700754790288
0.5535924617196701	0.006868951396978236
0.5542123860888971	0.004636901231052722
0.5548323104581241	0.0012966817072516924
0.555452234827351	-0.0023270874487931912
0.5560721591965779	-0.0053486182249450065
0.5566920835658049	-0.0070375800405504995
0.5573120079350319	-0.006995270065270114
0.5579319323042589	-0.005248918385875172
0.5585518566734857	-0.0022404597876766958
0.5591717810427127	0.0012846869205439756
0.5597917054119397	0.004462571644027642
0.5604116297811667	0.00652219002945397
0.5610315541503936	0.006972640298689387
0.5616514785196205	0.005719734696734804
0.5622714028888475	0.0030851672941737524
0.5628913272580744	-0.0002755163633406425
0.5635112516273014	-0.0035364510812728035
0.5641311759965284	-0.00590399056998112
0.5647511003657553	-0.006809950610621994
0.5653710247349822	-0.006047775928767178
0.5659909491042092	-0.0038193107201983543
0.5666108734734362	-0.0006818670483566057
0.5672307978426632	0.0025912570537712934
0.56785072221189	0.005201251150397042
0.568470646581117	0.0065183615474054
0.569090570950344	0.006234537053839938
0.569710495319571	0.004434319734487628
0.5703304196887979	0.0015710126771367383
0.5709503440580248	-0.0016473214983961629
0.5715702684272518	-0.0044330146428106145
0.5721901927964788	-0.006111433998251127
0.5728101171657057	-0.00628445289843327
0.5734300415349327	-0.004924469210876375
0.5740499659041596	-0.002377718520679985
0.5746698902733866	0.0007235556092306466
0.5752898146426135	0.0036186142338640757
0.5759097390118405	0.005603684612020513
0.5765296633810675	0.006204177459221969
0.5771495877502943	0.005286946372974461
0.5777695121195213	0.0030904191671716646
0.5783894364887483	0.0001622165870071687
0.5790093608579753	-0.0027771173885653795
0.5796292852272023	-0.005010981763666114
0.5802492095964291	-0.006002513869272071
0.5808691339656561	-0.00552167272061121
0.5814890583348831	-0.003699963614332167
0.58210898270411	-0.0009944082437241247
0.582728907073337	0.0019271836859646315
0.5833488314425639	0.004350849558038328
0.5839687558117909	0.005690796603394721
0.5845886801810178	0.005631136470964854
0.5852086045502448	0.004199856399662522
0.5858285289194718	0.001759134973951224
0.5864484532886987	-0.001086525476393515
0.5870683776579256	-0.0036398287276751496
0.5876883020271526	-0.005281379264367595
0.5883082263963796	-0.005620148481459869
0.5889281507656066	-0.004586142359940337
0.5895480751348334	-0.0024447297065549886
0.5901679995040604	0.0002716279442702195
0.5907879238732874	0.0028954269144237693
0.5914078482425144	0.004788241101171202
0.5920277726117413	0.005495908077098255
0.5926476969809682	0.004857564017980737
0.5932676213501952	0.0030417954474365673
0.5938875457194221	0.0005024369540834964
0.5945074700886491	-0.0021346915625479845
0.5951273944578761	-0.0042260524677565185
0.595747318827103	-0.0052673758004989175
0.5963672431963299	-0.005015109310515044
0.5969871675655569	-0.0035432713916060616
0.5976070919347839	-0.0012223289559472109
0.5982270163040109	0.0013739073703030356
0.5988469406732377	0.003610151326807285
0.5994668650424647	0.004945046887652289
0.6000867894116917	0.005062073350216034
0.6007067137809187	0.003944424971509288
0.6013266381501456	0.0018764983514386203
0.6019465625193726	-0.0006285436776561301
0.6025664868885995	-0.0029561371738411907
0.6031864112578265	-0.004540828612843761
0.6038063356270534	-0.005003665530455478
0.6044262599962804	-0.004242804405716665
0.6050461843655074	-0.002455452879802364
0.6056661087347343	-0.0000871895421175891
0.6062860331039612	0.0022793302854843224
0.6069059574731882	0.00406751778305159
0.6075258818424152	0.0048471787032621
0.6081458062116422	0.004438154497225094
0.608765730580869	0.0029516084086369035
0.609385654950096	0.0007604478229529665
0.610005579319323	-0.0015948337824087423
0.61062550368855	-0.003538670501322312
0.6112454280577769	-0.004601360758518498
0.6118653524270038	-0.0045325449878852965
0.6124852767962308	-0.0033599338340000347
0.6131052011654577	-0.001380050509459607
0.6137251255346847	0.0009168782605318233
0.6143450499039117	0.0029680756148721356
0.6149649742731386	0.004276293399051843
0.6155848986423655	0.004529700026585815
0.6162048230115925	0.003676883007958257
0.6168247473808195	0.0019364578771765134
0.6174446717500465	-0.00025894843514718906
0.6180645961192733	-0.002369842031447905
0.6186845204885003	-0.0038829363007516333
0.6193044448577273	-0.0044351181627229706
0.6199243692269543	-0.0039012353367417914
0.6205442935961812	-0.002421563284060562
0.6211642179654081	-0.00036686161167178176
0.6217841423346351	0.001757647234869385
0.6224040667038621	0.0034332829137498
0.623023991073089	0.0042560676855040586
0.623643915442316	0.0040337961476998386
0.6242638398115429	0.00283078535904997
0.6248837641807699	0.0009496570430642734
0.6255036885499968	-0.0011445874951757549
0.6261236129192238	-0.002939555984648533
0.6267435372884508	-0.004000893529946545
0.6273634616576776	-0.004077015520858811
0.6279833860269046	-0.003158966716446548
0.6286033103961316	-0.001480079341405735
0.6292232347653586	0.0005431589889751572
0.6298431591345856	0.002414408705462757
0.6304630835038124	0.0036791463376024524
0.6310830078730394	0.004035173811240403
0.6317029322422664	0.0034044707604273037
0.6323228566114933	0.001950332207571482
0.6329427809807203	0.00003508621564084801
0.6335627053499472	-0.0018701091426448684
0.6341826297191742	-0.003301148995886875
0.6348025540884011	-0.003913888061414815
0.6354224784576281	-0.0035670146674582283
0.6360424028268551	-0.0023543298371937597
0.636662327196082	-0.0005797494449259073
0.6372822515653089	0.0013188710588497867
0.6379021759345359	0.0028776934700421274
0.6385221003037629	0.003720189642386395
0.6391420246729899	0.003648010464150928
0.6397619490422167	0.002687628512068299
0.6403818734114437	0.0010816920681703038
0.6410017977806707	-0.0007722317884459883
0.6416217221498977	-0.0024199844434539754
0.6422416465191246	-0.003462078075581406
0.6428615708883515	-0.0036504671774262947
0.6434814952575785	-0.002947492485530992
0.6441014196268054	-0.0015331814457133
0.6447213439960324	0.00024101798186644218
0.6453412683652594	0.001939254301537939
0.6459611927344863	0.003148481038357044
0.6465811171037132	0.0035787807904509752
0.6472010414729402	0.0031328598880586618
0.6478209658421672	0.0019279105263133084
0.6484408902113942	0.000264884555766471
0.649060814580621	-0.0014465340348202578
0.649680738949848	-0.002788892619848574
0.650300663319075	-0.0034386263712081035
0.650920587688302	-0.003244139005818888
0.6515405120575289	-0.00226112757046318
0.6521604364267558	-0.0007366596965318183
0.6527803607959828	0.0009524899539093905
0.6534002851652098	0.0023932118714536884
0.6540202095344367	0.003236751463212628
0.6546401339036637	0.0032831909334662185
0.6552600582728906	0.0025295709381738868
0.6558799826421176	0.0011666808347325674
0.6564999070113445	-0.0004672772123274609
0.6571198313805715	-0.00197151977309632
0.6577397557497985	-0.002980762878216206
0.6583596801190253	-0.003253891476547021
0.6589796044882523	-0.0027315008730917807
0.6595995288574793	-0.0015486059241891163
0.6602194532267063	1.4535585106643447e-7
0.6608393775959333	0.0015338287199238286
0.6614593019651601	0.0026788616551492784
0.6620792263343871	0.0031600361029640563
0.6626991507036141	0.0028665679671923687
0.663319075072841	0.0018774208147724822
0.663938999442068	0.00044043134599788776
0.6645589238112949	-0.0010899323391353227
0.6651788481805219	-0.0023397697574318805
0.6657987725497488	-0.003007497397158478
0.6664186969189758	-0.002935861838582878
0.6670386212882028	-0.002149505933042895
0.6676585456574297	-0.0008470368761667677
0.6682784700266566	0.0006491876546854242
0.6688983943958836	0.0019727061470391966
0.6695183187651106	0.0028026464437189112
0.6701382431343376	0.0029415076879858973
0.6707581675035645	0.002362518400139774
0.6713780918727914	0.0012133505056068964
0.6719980162420184	-0.00022033596003260574
0.6726179406112454	-0.0015864223389648786
0.6732378649804723	-0.002552676899502956
0.6738577893496993	-0.0028875514177862938
0.6744777137189262	-0.0025155952648606775
0.6750976380881532	-0.0015342583027692243
0.6757175624573801	-0.00018859838283696786
0.6763374868266071	0.0011899430317021179
0.6769574111958341	0.0022651649165028815
0.677577335565061	0.0027779863283808218
0.6781972599342879	0.002608942543436897
0.6788171843035149	0.001805809361149372
0.6794371086727419	0.0005704541653742068
0.6800570330419689	-0.0007918075915624499
0.6806769574111957	-0.0019480579795910715
0.6812968817804227	-0.0026183129822782035
0.6819168061496497	-0.002644084151699666
0.6825367305188766	-0.0020253353781938934
0.6831566548881036	-0.0009190658385174062
0.6837765792573305	0.00040038841081035584
0.6843965036265575	0.0016095077127154809
0.6850164279957844	0.0024146746442437043
0.6856363523650114	0.002623649727906033
0.6862562767342384	0.002191305988376331
0.6868762011034653	0.001229211663209853
0.6874961254726922	-0.000023077315482227713
0.6881160498419192	-0.0012575761641295188
0.6887359742111462	-0.0021736532365604325
0.6893558985803732	-0.0025512032111463397
0.6899758229496	-0.0023034403603246043
0.690595747318827	-0.001496804775221272
0.691215671688054	-0.0003332788232276577
0.691835596057281	0.0009001788546074745
0.6924555204265079	0.0019022502202550532
0.6930754447957348	0.002431095764227437
0.6936953691649618	0.002362512132524311
0.6943152935341887	0.0017188518818649276
0.6949352179034157	0.0006626195054275677
0.6955551422726427	-0.0005448189329236311
0.6961750666418696	-0.0016077854360721454
0.6967949910110965	-0.002268637531535099
0.6974149153803235	-0.002370326391670048
0.6980348397495505	-0.0018934308790762406
0.6986547641187775	-0.0009598026542803294
0.6992746884880043	0.00019864031393084089
0.6998946128572313	0.0012974371652183306
0.7005145372264583	0.0020694175963163215
0.7011344615956853	0.002329661678366746
0.7017543859649122	0.0020197028122080725
0.7023743103341391	0.001220634708201485
0.7029942347033661	0.0001318870868417667
0.7036141590725931	-0.0009784087526010432
0.70423408344182	-0.0018395488036482635
0.704854007811047	-0.002244081103002529
0.7054739321802739	-0.002097867278390657
0.7060938565495009	-0.0014420343691256055
0.7067137809187278	-0.0004409515319508232
0.7073337052879548	0.0006577266219351686
0.7079536296571818	0.0015854681449270643
0.7085735540264086	0.0021178765830546877
0.7091934783956356	0.0021290738282393096
0.7098134027648626	0.0016213571350459594
0.7104333271340896	0.000723518336704769
0.7110532515033166	-0.00034192031158725974
0.7116731758725434	-0.001313721988263739
0.7122931002417704	-0.0019559266288642334
0.7129130246109974	-0.002115333058793939
0.7135329489802243	-0.0017577493907713615
0.7141528733494513	-0.0009753303738804542
0.7147727977186782	0.00003714131109368493
0.7153927220879052	0.0010307371957872344
0.7160126464571321	0.001763536962170011
0.7166325708263591	0.0020595033154567842
0.7172524951955861	0.0018507565124714965
0.717872419564813	0.0011930815035569912
0.7184923439340399	0.000251064757916649
0.7191122683032669	-0.0007429826047741687
0.7197321926724939	-0.0015463308346743158
0.7203521170417209	-0.0019650879342793474
0.7209720414109477	-0.0019009623063239208
0.7215919657801747	-0.001374251839644955
0.7222118901494017	-0.0005177971165579899
0.7228318145186287	0.000456520738881164
0.7234517388878556	0.0013101446760792606
0.7240716632570825	0.0018362382466320978
0.7246915876263095	0.0019097972773218848
0.7253115119955365	0.0015172871489897912
0.7259314363647634	0.0007588691898920993
0.7265513607339904	-0.00017709526206327223
0.7271712851032173	-0.0010608123772469153
0.7277912094724442	-0.0016774690311491564
0.7284111338416712	-0.0018793779686516493
0.7290310582108982	-0.0016214120866924666
0.7296509825801252	-0.0009708550494769158
0.730270906949352	-0.00009004029965837693
0.730890831318579	0.0008041625006506138
0.731510755687806	0.0014937294609340388
0.732130680057033	0.0018126504090562612
0.7327506044262599	0.0016864839265909282
0.7333705287954868	0.0011511113851460694
0.7339904531647138	0.00034016216359250714
0.7346103775339408	-0.0005458109197377535
0.7352303019031677	-0.0012901566866033894
0.7358502262723947	-0.0017129418359169027
0.7364701506416216	-0.0017142140644391827
0.7370900750108486	-0.0012977802349942312
0.7377099993800755	-0.0005691658566168337
0.7383299237493025	0.00029106387374986585
0.7389498481185295	0.0010720221530365673
0.7395697724877563	0.0015841808315784649
0.7401896968569833	0.001705543721495525
0.7408096212262103	0.0014098484178273675
0.7414295455954373	0.0007736246776460718
0.7420494699646643	-0.000044910834555241234
0.7426693943338912	-0.0008445545659465773
0.7432893187031181	-0.0014306491638384443
0.7439092430723451	-0.0016624366282833702
0.744529167441572	-0.001486890952586204
0.745149091810799	-0.00095075605965654
0.745769016180026	-0.00018815964179821925
0.7463889405492529	0.0006128865389085333
0.7470088649184798	0.001256829144490966
0.7476287892877068	0.001588251317183349
0.7482487136569338	0.0015294695606551455
0.7488686380261608	0.0010985747708214767
0.7494885623953876	0.0004041660357179787
0.7501084867646146	-0.0003819749456188833
0.7507284111338416	-0.0010674161257285182
0.7513483355030686	-0.0014860834426558198
0.7519682598722955	-0.0015386208027453792
0.7525881842415224	-0.0012157030649980435
0.7532081086107494	-0.0005996986064695542
0.7538280329799764	0.00015644901751858158
0.7544479573492033	0.0008671328212074042
0.7550678817184303	0.0013596467736909886
0.7556878060876572	0.0015160446182124064
0.7563077304568842	0.0013015362950779162
0.7569276548261111	0.0007719707642745766
0.7575475791953381	0.00005943201697213116
0.7581675035645651	-0.0006606720935940693
0.758787427933792	-0.001212788238923303
0.7594073523030189	-0.0014640440181237799
0.7600272766722459	-0.0013561129886385033
0.7606472010414729	-0.0009187914570560851
0.7612671254106999	-0.00026183383869218986
0.7618870497799267	0.0004525424310228361
0.7625069741491537	0.001049714586176775
0.7631268985183807	0.001385309606005189
0.7637468228876076	0.001380086619810197
0.7643667472568346	0.0010386345116427784
0.7649866716260615	0.0004474211321457017
0.7656065959952885	-0.00024707672595440693
0.7662265203645154	-0.0008746347894705135
0.7668464447337424	-0.0012829743157146917
0.7674663691029694	-0.0013747347984726572
0.7680862934721963	-0.0011306242906892886
0.7687062178414232	-0.0006133886701801765
0.7693261422106502	0.00004828996260780669
0.7699460665798772	0.0006917782053783926
0.7705659909491042	0.0011604598406044816
0.771185915318331	0.0013418164556482043
0.771805839687558	0.001194466300200876
0.772425764056785	0.000757486775793843
0.773045688426012	0.0001401786367137679
0.7736656127952389	-0.0005052921111515794
0.7742855371644658	-0.0010213766853297852
0.7749054615336928	-0.0012835797200011726
0.7755253859029198	-0.0012304552054587033
0.7761453102721467	-0.0008780319862839631
0.7767652346413737	-0.00031508980819859714
0.7773851590106006	0.0003191724316562858
0.7780050833798275	0.0008695071675381694
0.7786250077490545	0.0012026515815293302
0.7792449321182815	0.001239473254084307
0.7798648564875085	0.000973944992454843
0.7804847808567353	0.0004736718881737408
0.7811047052259623	-0.00013715976953703948
0.7817246295951893	-0.0007085617781007462
0.7823445539644163	-0.0011018946098379032
0.7829644783336432	-0.001222848302331717
0.7835844027028701	-0.0010446611645458651
0.7842043270720971	-0.0006136596493487644
0.7848242514413241	-0.00003728453508949171
0.785444175810551	0.0005425577895233369
0.786064100179778	0.0009845645091860668
0.7866840245490049	0.0011823803016765102
0.7873039489182319	0.0010901406997959413
0.7879238732874588	0.0007331969825339358
0.7885437976566858	0.00020105885080489575
0.7891637220259128	-0.0003749208361785532
0.7897836463951396	-0.0008539517539459193
0.7904035707643666	-0.001120217432411406
0.7910234951335936	-0.0011110080405871607
0.7916434195028206	-0.0008311146664282511
0.7922633438720476	-0.0003514410359807335
0.7928832682412744	0.0002092129590834038
0.7935031926105014	0.0007134491231045658
0.7941231169797284	0.001038945067773932
0.7947430413489553	0.0011081235152090843
0.7953629657181823	0.000906628750722271
0.7959828900874092	0.00048615569601355316
0.7966028144566362	-0.000048687711695697394
0.7972227388258631	-0.000566470173943118
0.7978426631950901	-0.0009411856341423862
0.7984625875643171	-0.0010829539949348743
0.799082511933544	-0.0009594363213848157
0.7997024363027709	-0.0006033513943336656
0.8003223606719979	-0.00010370257616822217
0.8009422850412249	0.00041636717133358865
0.8015622094104519	0.0008299285505356357
0.8021821337796787	0.001037257056712142
0.8028020581489057	0.0009898229655287564
0.8034219825181327	0.0007016649417159769
0.8040419068873597	0.00024532616138315703
0.8046618312565866	-0.0002663592235683048
0.8052817556258135	-0.0007081748586785571
0.8059016799950405	-0.0009731343795048182
0.8065216043642675	-0.0009988650951639846
0.8071415287334944	-0.0007801690707822049
0.8077614531027214	-0.0003739247064341269
0.8083813774719483	0.0001194783798699308
0.8090013018411752	0.0005789797926585564
0.8096212262104022	0.0008929516724577757
0.8102411505796292	0.000986273988784146
0.8108610749488562	0.000838379752638995
0.8114809993180832	0.00048763355552268174
0.81210092368731	0.000021472953050013844
0.812720848056537	-0.00044539326086010347
0.813340772425764	-0.000799198925773458
0.813960696794991	-0.000954836499948405
0.8145806211642179	-0.0008762945154014109
0.8152005455334448	-0.0005850486919558644
0.8158204699026718	-0.00015397567624749446
0.8164403942718987	0.0003103757198963557
0.8170603186411257	0.0006945913484385353
0.8176802430103527	0.000905827449919693
0.8183001673795796	0.0008942953272118155
0.8189200917488065	0.0006649610220093769
0.8195400161180335	0.0002758238605412859
0.8201599404872605	-0.00017674195253782423
0.8207798648564875	-0.0005818472887754451
0.8213997892257143	-0.000841243177298434
0.8220197135949413	-0.0008931397416422758
0.8226396379641683	-0.0007269065401844736
0.8232595623333953	-0.00038515449531762347
0.8238794867026222	0.000047123946893146516
0.8244994110718491	0.0004637254046733931
0.8251193354410761	0.0007632875123478514
0.825739259810303	0.0008739553047228224
0.82635918417953	0.0007705924513967574
0.826979108548757	0.0004803713849950773
0.8275990329179839	0.00007608084023016828
0.8282189572872108	-0.00034291623948162455
0.8288388816564378	-0.0006742877786109891
0.8294588060256648	-0.0008381440076784821
0.8300787303948918	-0.0007961745501209466
0.8306986547641186	-0.0005606153204781746
0.8313185791333456	-0.00019074035485789796
0.8319385035025726	0.00022202293728007167
0.8325584278717996	0.0005766774664795591
0.8331783522410265	0.0007873728210465868
0.8337982766102534	0.000804170452435585
0.8344182009794804	0.0006248457253656203
0.8350381253487074	0.0002950120765308014
0.8356580497179343	-0.00010350348592809598
0.8362779740871613	-0.000472932202720679
0.8368978984563882	-0.0007235389367790537
0.8375178228256152	-0.0007954116913896124
0.8381377471948421	-0.0006728694200259808
0.8387576715640691	-0.0003873845238327227
0.8393775959332961	-0.000010376969913182518
0.839997520302523	0.00036549995482254664
0.8406174446717499	0.0006486572710755831
0.8412373690409769	0.0007710172794446954
0.8418572934102039	0.0007043170761195213
0.8424772177794309	0.0004666404050752905
0.8430971421486577	0.00011757211221872713
0.8437170665178847	-0.00025675980262804265
0.8443369908871117	-0.0005648958646949468
0.8449569152563386	-0.000732396614489544
0.8455768396255656	-0.0007198065298840453
0.8461967639947925	-0.000531945855980678
0.8468166883640195	-0.00021629252733269363
0.8474366127332464	0.0001489995782616806
0.8480565371024734	0.0004744350043593573
0.8486764614717004	0.0006811057441419649
0.8492963858409273	0.0007198185896179828
0.8499163102101542	0.0005827449340695864
0.8505362345793812	0.0003050120105945509
0.8511561589486082	-0.00004434601468456402
0.8517760833178352	-0.00037951573474945385
0.852396007687062	-0.0006189437285138768
0.853015932056289	-0.0007052349716860994
0.853635856425516	-0.0006188476495686515
0.854255780794743	-0.0003825062025357815
0.8548757051639699	-0.00005525625268154335
0.8554956295331968	0.00028227993496959423
0.8561155539024238	0.0005477658227031572
0.8567354782716508	0.0006771986118702284
0.8573554026408777	0.0006403539202807727
0.8579753270101047	0.0004478435403768007
0.8585952513793316	0.00014807733525020098
0.8592151757485585	-0.00018487326190624387
0.8598351001177855	-0.00046952559182998404
0.8604550244870125	-0.0006370164328795111
0.8610749488562395	-0.0006476562474283229
0.8616948732254663	-0.0005003913083021898
0.8623147975946933	-0.0002326183941173014
0.8629347219639203	0.00008923506783616462
0.8635546463331473	0.0003862207758658423
0.8641745707023742	0.0005862061546494565
0.8647944950716011	0.0006414233288821722
0.8654144194408281	0.0005398038660102513
0.8660343438100551	0.00030764206273327474
0.866654268179282	2.7655076292821717e-6
0.867274192548509	-0.000299827976164965
0.8678941169177359	-0.0005264405506686134
0.8685140412869629	-0.0006225562180048124
0.8691339656561898	-0.0005660396670243419
0.8697538900254168	-0.00037216433821163987
0.8703738143946438	-0.00008947970297654811
0.8709937387638707	0.0002122573714752671
0.8716136631330976	0.00045934002653299924
0.8722335875023246	0.0005921095776653621
0.8728535118715516	0.0005793061068346154
0.8734734362407786	0.0004254663040325366
0.8740933606100054	0.00016945084433168367
0.8747132849792324	-0.00012536846592079307
0.8753332093484594	-0.00038678129555007437
0.8759531337176863	-0.0005514132342345865
0.8765730580869133	-0.0005800764385769299
0.8771929824561402	-0.000467121222649206
0.8778129068253672	-0.0002414354574178266
0.8784328311945941	0.00004088089852812502
0.8790527555638211	0.0003105032145948285
0.8796726799330481	0.0005017955930837465
0.880292604302275	0.0005690463760911283
0.8809125286715019	0.0004969325053704558
0.8815324530407289	0.0003044427841815625
0.8821523774099559	0.0000396343252006692
0.8827723017791829	-0.00023226295130199037
0.8833922261484098	-0.00044492476039441207
0.8840121505176367	-0.0005471095536392918
0.8846320748868637	-0.0005149902715675887
0.8852519992560907	-0.0003576962215803218
0.8858719236253176	-0.00011476990131672638
0.8864918479945446	0.00015376263188649985
0.8871117723637715	0.00038223008070629403
0.8877316967329985	0.0005153316405461144
0.8883516211022254	0.0005215690367571349
0.8889715454714524	0.00040066784768283403
0.8895914698406794	0.00018330649779971765
0.8902113942099062	-0.00007661018370957999
0.8908313185791332	-0.00031533533404963943
0.8914512429483602	-0.00047490564348967167
0.8920711673175872	-0.0005172118204088194
0.8926910916868142	-0.0004330747751155272
0.893311016056041	-0.00024422781931126355
0.893930940425268	2.2929972003303224e-6
0.894550864794495	0.00024585809688108947
0.895170789163722	0.00042716224031305426
0.8957907135329489	0.0005026189180583886
0.8964106379021758	0.00045486750982980773
0.8970305622714028	0.00029674081885155046
0.8976504866406297	0.00006784760182355219
0.8982704110098567	-0.0001753579961278601
0.8988903353790837	-0.00037346825394019007
0.8995102597483106	-0.0004786583079198084
0.9001301841175375	-0.0004661889634768304
0.9007501084867645	-0.00034021267716943533
0.9013700328559915	-0.0001326209551758288
0.9019899572252185	0.0001053025325388121
0.9026098815944453	0.00031527261332771285
0.9032298059636723	0.0004463615833289557
0.9038497303328993	0.00046742659932748007
0.9044696547021263	0.0003743934976715292
0.9050895790713532	0.00019103293877334446
0.9057095034405801	-0.00003710121551474262
0.9063294278098071	-0.0002539751784169372
0.906949352179034	-0.0004068601332572842
0.907569276548261	-0.00045911939558405344
0.908189200917488	-0.00039900512687418094
0.9088091252867149	-0.0002422408372963392
0.9094290496559418	-0.000027982770602617115
0.9100489740251688	0.00019101858873023255
0.9106688983943958	0.0003613468067263864
0.9112888227636228	0.00044198276446768777
0.9119087471328496	0.00041412159257865714
0.9125286715020766	0.0002856333702548024
0.9131485958713036	0.00008879732907090335
0.9137685202405306	-0.00012777104826972648
0.9143884446097575	-0.00031110326677581744
0.9150083689789844	-0.00041692992185756817
0.9156282933482114	-0.0004199549031343945
0.9162482177174384	-0.00032077752554265975
0.9168681420866653	-0.0001443542230121433
0.9174880664558923	0.00006553122812294823
0.9181079908251192	0.00025740944349467274
0.9187279151943462	0.00038469790317894096
0.9193478395635731	0.0004170196862054515
0.9199677639328001	0.0003474067149323196
0.9205876883020271	0.00019381154566874929
0.921207612671254	-5.500491854152657e-6
0.9218275370404809	-0.00020155151951585138
0.9224474614097079	-0.00034658513951282436
0.9230673857789349	-0.0004057608361404422
0.9236873101481619	-0.00036549266924918626
0.9243072345173887	-0.0002365541482340353
0.9249271588866157	-0.00005122908299464646
0.9255470832558427	0.00014478136162347305
0.9261670076250696	0.0003036145867701766
0.9267869319942966	0.00038691480351371734
0.9274068563635235	0.0003751027435889482
0.9280267807327505	0.0002720607588400499
0.9286467051019774	0.00010369525001515634
0.9292666294712044	-0.0000882997159938151
0.9298865538404314	-0.00025692081708097964
0.9305064782096583	-0.0003612968396268521
0.9311264025788852	-0.0003766258298045087
0.9317463269481122	-0.0003000331326039771
0.9323662513173392	-0.0001510775026238849
0.9329861756865662	0.000033247541614983374
0.933606100055793	0.0002076818100248788
0.93422602442502	0.00032981564201493277
0.934845948794247	0.0003704026789156667
0.935465873163474	0.0003203401662690222
0.9360857975327009	0.00019270239042447866
0.9367057219019278	0.000019352213480765004
0.9373256462711548	-0.00015702937009181916
0.9379455706403818	-0.00029343529754841856
0.9385654950096087	-0.00035701688506354707
0.9391854193788357	-0.00033298903707705687
0.9398053437480626	-0.0002280544869770262
0.9404252681172895	-0.00006856916988061913
0.9410451924865165	0.00010607625826341248
0.9416651168557435	0.0002531791168389126
0.9422850412249705	0.0003371634575880929
0.9429049655941973	0.0003381754580208737
0.9435248899634243	0.0002567728181144082
0.9441448143326513	0.00011359812561376112
0.9447647387018783	-0.000055868917621651815
0.9453846630711052	-0.00021007768927761304
0.9460045874403321	-0.00031160117414284706
0.9466245118095591	-0.0003362126420648678
0.9472444361787861	-0.00027865751023870114
0.947864360548013	-0.00015376427191435312
0.94848428491724	7.383009234924679e-6
0.9491042092864669	0.00016516804716263015
0.9497241336556939	0.0002811747833071162
0.9503440580249208	0.00032754159215926383
0.9509639823941478	0.0002936479001508121
0.9515839067633748	0.00018853630264198515
0.9522038311326018	0.00003849626277077662
0.9528237555018286	-0.00011946426117164706
0.9534436798710556	-0.00024678189099124195
0.9540636042402826	-0.00031273554027096227
0.9546835286095096	-0.00030183955751554424
0.9553034529787365	-0.00021750234409243554
0.9559233773479634	-0.00008098575447326026
0.9565433017171904	0.0000739373641144545
0.9571632260864174	0.00020933839802598516
0.9577831504556443	0.0002924195431470644
0.9584030748248713	0.0003034399572007521
0.9590229991940982	0.00024041320687945576
0.9596429235633251	0.00011941328694980919
0.9602628479325521	-0.00002949880948180533
0.9608827723017791	-0.00016978211086833808
0.9615026966710061	-0.000267339908839367
0.9621226210402329	-0.00029617412259974276
0.9627425454094599	-0.00025715015771944535
0.9633624697786869	-0.0001532455238621948
0.9639823941479139	-0.00001301020894324628
0.9646023185171408	0.00012903609962809163
0.9652222428863677	0.00023826139193662096
0.9658421672555947	0.0002883705026231503
0.9664620916248217	0.0002677277554710086
0.9670820159940486	0.00018204678540340824
0.9677019403632756	0.00005283993563248733
0.9683218647325025	-0.00008798775814183132
0.9689417891017295	-0.00020601258258745519
0.9695617134709564	-0.0002726846749891437
0.9701816378401834	-0.000272268862012586
0.9708015622094104	-0.00020551686492179834
0.9714214865786372	-0.00008932811811372576
0.9720414109478642	0.000047482412757915626
0.9726613353170912	0.00017141430491802214
0.9732812596863182	0.00025236590028524273
0.9739011840555452	0.00027104031412349724
0.974521108424772	0.00022348805057003518
0.975141032793999	0.0001219408576199035
0.975760957163226	-8.332759799467528e-6
0.976380881532453	-0.0001353111435418408
0.9770008059016799	-0.00022808586056352931
0.9776207302709068	-0.00026438377364968704
0.9782406546401338	-0.00023590701515440558
0.9788605790093607	-0.00015022589596768834
0.9794805033785877	-0.00002876777164546463
0.9801004277478147	0.0000985166494128897
0.9807203521170416	0.0002005632006385816
0.9813402764862685	0.00025274739006784684
0.9819602008554955	0.00024283962249664674
0.9825801252247225	0.00017385410345528457
0.9832000495939495	0.00006317615946657321
0.9838199739631763	-0.00006182137295064057
0.9844398983324033	-0.00017054083236529952
0.9850598227016303	-0.00023665328457167522
0.9856797470708573	-0.00024445303467151213
0.9862996714400842	-0.00019261425411370767
0.9869195958093111	-0.00009434574177885922
0.9875395201785381	0.00002595606146239826
0.988159444547765	0.00013876576302705992
0.988779368916992	0.00021666780427744556
0.989399293286219	0.00024102124924215332
0.9900192176554459	0.00020640819563092066
0.9906391420246728	0.00012183515641430259
0.9912590663938998	8.3952205640294e-6
0.9918789907631268	-0.00010598812175946806
0.9924989151323538	-0.00019343155270733296
0.9931188395015806	-0.00023290058575123508
0.9937387638708076	-0.00021523131571689704
0.9943586882400346	-0.0001452892570197909
0.9949786126092616	-0.000040624020633772356
0.9955985369784885	0.00007292486041934636
0.9962184613477154	0.00016760243699105994
0.9968383857169424	0.00022052303228003238
0.9974583100861694	0.00021919103593831632
0.9980782344553963	0.00016446596758192165
0.9986981588246233	0.00007019704327780542
0.9993180831938502	-0.00004026261202888113
0.9999380075630772	-0.00013983872334851307
1.0005579319323041	-0.00020437494513304863
1.001177856301531	-0.00021848375520215694
1.001797780670758	-0.00017921278130462545
1.002417705039985	-0.00009666567507257816
1.003037629409212	8.639663208932057e-6
1.003657553778439	0.00011081730634735716
1.0042774781476658	0.00018500094565965223
1.0048974025168929	0.0002133851768111859
1.0055173268861197	0.00018950079612465855
1.0061372512553468	0.00011966720974660776
1.0067571756245737	0.000021359408604892922
1.0073770999938005	-0.00008120170549480859
1.0079970243630276	-0.0001629818253756459
1.0086169487322545	-0.00020421951305365336
1.0092368731014816	-0.0001953571343284917
1.0098567974707084	-0.00013894241817735282
1.0104767218399353	-0.000049223076625804375
1.0110966462091624	0.00005162344203784323
1.0117165705783893	0.00013890968486950553
1.0123364949476163	0.00019150066708832717
1.0129564193168432	0.00019691885719586586
1.01357634368607	0.0001543009734392516
1.0141962680552972	0.00007450030808669396
1.014816192424524	-0.000022680390769695864
1.0154361167937511	-0.00011338755026637239
1.016056041162978	-0.00017559083306443885
1.0166759655322049	-0.0001944010773117595
1.017295889901432	-0.0001656604362143282
1.0179158142706588	-0.00009683198470155235
1.018535738639886	-5.0771597604947045e-6
1.0191556630091128	0.00008702448496631648
1.0197755873783396	0.00015702900228037784
1.0203955117475667	0.00018808708008769576
1.0210154361167936	0.00017301553464457023
1.0216353604860207	0.00011593209656426537
1.0222552848552475	0.00003115384832449941
1.0228752092244744	-0.000060392579896620544
1.0234951335937015	-0.0001363341545943538
1.0241150579629283	-0.00017831963300839104
1.0247349823321554	-0.000176442088138983
1.0253549067013823	-0.0001315959723346397
1.0259748310706092	-0.0000551163279454589
1.0265947554398362	0.000034050982174080857
1.0272146798090631	0.00011405512397703929
1.0278346041782902	0.0001654898369786437
1.028454528547517	0.00017610429118745282
1.029074452916744	0.00014370260477991923
1.029694377285971	0.00007659902014005965
1.0303143016551979	-8.516977898056595e-6
1.030934226024425	-0.00009073161888496057
1.0315541503936518	-0.0001500373024651324
1.0321740747628787	-0.00017221235700905278
1.0327939991321058	-0.00015220707173863954
1.0334139235013327	-0.0000953086587949329
1.0340338478705597	-0.000015738854704336973
1.0346537722397866	0.0000668938311338979
1.0352736966090135	0.00013242417404711907
1.0358936209782406	0.00016505082095160943
1.0365135453474674	0.00015715000674836838
1.0371334697166945	0.00011102236227708989
1.0377533940859214	0.00003829614227291933
1.0383733184551482	-0.00004305565930795131
1.0389932428243753	-0.00011312619605198864
1.0396131671936022	-0.00015495150828618245
1.0402330915628293	-0.00015861807122475322
1.0408530159320561	-0.0001235919997125624
1.041472940301283	-0.00005879511161208781
1.04209286467051	0.00001969990143647037
1.042712789039737	0.00009263246387795965
1.043332713408964	0.00014228495419598948
1.043952637778191	0.00015678583487119596
1.0445725621474178	0.00013293878818999624
1.0451924865166449	0.0000769366497860198
1.0458124108858717	2.7273244417721994e-6
1.0464323352550988	-0.00007142650003765241
1.0470522596243257	-0.00012745611489894162
1.0476721839935526	-0.0001518855201268773
1.0482921083627796	-0.0001390672232039842
1.0489120327320065	-0.00009248738540286504
1.0495319571012336	-0.00002382390717682922
1.0501518814704605	0.00004997743988306002
1.0507718058396873	0.00011088414759191442
1.0513917302089144	0.00014418257536351684
1.0520116545781413	0.00014202284482423106
1.0526315789473684	0.00010527925812739472
1.0532515033165952	0.00004323900640296319
1.053871427685822	-0.000028735413956925953
1.0544913520550492	-0.00009300923093307413
1.055111276424276	-0.00013399526487068756
1.0557312007935031	-0.00014193335215607292
1.05635112516273	-0.00011520693259006783
1.0569710495319569	-0.00006067374176951546
1.057590973901184	8.118188988004805e-6
1.0582108982704108	0.00007426461475028385
1.058830822639638	0.00012167324133630811
1.0594507470088648	0.0001389755104952427
1.0600706713780919	0.00012224168763612093
1.0606905957473187	0.00007588694743260139
1.0613105201165456	0.000011491363343378153
1.0619304444857727	-0.00005507834414650162
1.0625503688549995	-0.0001075726640174422
1.0631702932242266	-0.00013336178523830895
1.0637902175934535	-0.00012639413023572904
1.0644101419626804	-0.00008869684243574308
1.0650300663319074	-0.00002975281828789779
1.0656499907011343	0.000035864179751199874
1.0662699150703614	0.00009211242485238743
1.0668898394395883	0.00012537039646326237
1.0675097638088151	0.00012775698498662815
1.0681296881780422	0.00009898266364780016
1.068749612547269	0.00004637378414766653
1.0693695369164962	-0.000017023436900031943
1.069989461285723	-0.00007565694441611559
1.07060938565495	-0.00011528527207933351
1.071229310024177	-0.00012643860872303962
1.0718492343934038	-0.00010668159852034345
1.072469158762631	-0.00006110825121001899
1.0730890831318578	-1.0956159145400088e-6
1.0737090075010847	0.00005860209800303142
1.0743289318703118	0.00010344070462349157
1.0749488562395386	0.00012263913226220945
1.0755687806087657	0.00011176885993744234
1.0761887049779926	0.00007376792284015886
1.0768086293472194	0.000018162218408879635
1.0774285537164465	-0.00004132767722897554
1.0780484780856734	-0.00009017277369693997
1.0786684024549005	-0.00011656990528874982
1.0792883268241273	-0.0001143077922223666
1.0799082511933542	-0.00008421382460737658
1.0805281755625813	-0.000033891155278336756
1.0811480999318082	0.00002420098127669585
1.0817680243010352	0.00007583208077897073
1.0823879486702621	0.0001084822198817504
1.083007873039489	0.000114385381073596
1.083627797408716	0.00009235718548620145
1.084247721777943	0.0000480370667474894
1.08486764614717	-7.555393362512649e-6
1.0854875705163969	-0.000060769371514387024
1.0861074948856237	-0.00009865614533803413
1.0867274192548508	-0.00011214228551766711
1.0873473436240777	-0.00009816492905418785
1.0879672679933048	-0.00006041171449465986
1.0885871923625317	-8.29724232824446e-6
1.0892071167317585	0.00004532926413864217
1.0898270411009856	0.00008738948479116586
1.0904469654702125	0.00010774788526238703
1.0910668898394396	0.00010165330668558539
1.0916868142086664	0.00007084968175352496
1.0923067385778933	0.00002307955030540856
1.0929266629471204	-0.000029849717557166963
1.0935465873163472	-0.0000749922678807178
1.0941665116855743	-0.00010142323250191622
1.0947864360548012	-0.00010288424547259567
1.095406360424028	-0.00007926120604623571
1.0960262847932551	-0.00003655445114228327
1.096646209162482	0.000014644669799578405
1.097266133531709	0.00006177822313149423
1.097886057900936	0.00009340025264454115
1.0985059822701628	0.00010199775304355208
1.09912590663939	0.00008558786901893798
1.0997458310086168	0.000048521366084041565
1.1003657553778439	-7.5909794944265e-9
1.1009856797470707	-0.00004806398383777859
1.1016056041162976	-0.00008394246709640104
1.1022255284855247	-0.00009901790885071569
1.1028454528547516	-0.00008982062885639631
1.1034653772239786	-0.000058826821631313566
1.1040853015932055	-0.000013797758539103227
1.1047052259624324	0.00003415545796270587
1.1053251503316595	0.00007332042860503128
1.1059450747008863	0.00009423870254965718
1.1065649990701134	0.0000919919030790905
1.1071849234393403	0.00006735183446576419
1.1078048478085671	0.000026538740197759357
1.1084247721777942	-0.000020344712499230277
1.109044696547021	-0.00006181548042634446
1.1096646209162482	-0.00008781945588664864
1.110284545285475	-0.00009217515341634695
1.110904469654702	-0.0000740268991811577
1.111524394023929	-0.000038017135892806684
1.1121443183931559	6.906871429930145e-6
1.112764242762383	0.0000497112003054429
1.1133841671316098	0.00007998838425807628
1.1140040915008367	0.00009047970531155639
1.1146240158700638	0.00007882306727253055
1.1152439402392906	0.00004807418482193553
1.1158638646085177	5.907025737078418e-6
1.1164837889777446	-0.00003728858508604832
1.1171037133469714	-0.00007097892544352502
1.1177236377161985	-0.00008702926774595636
1.1183435620854254	-0.00008174719292300304
1.1189634864546525	-0.000056581945992858544
1.1195834108238794	-0.000017872594502447882
1.1202033351931062	0.00002481671328581324
1.1208232595623333	0.00006104306834772144
1.1214431839315602	0.0000820435085529979
1.1220631083007873	0.00008285002400792067
1.1226830326700141	0.00006346041460843408
1.123302957039241	0.000028795311725172162
1.123922881408468	-0.000012549208510828512
1.124542805777695	-0.000050434953686100217
1.125162730146922	-0.00007566313500933227
1.125782654516149	-0.00008221041431294279
1.1264025788853758	-0.00006866207722066144
1.1270225032546028	-0.00003851464570795331
1.1276424276238297	7.255129222143753e-7
1.1282623519930568	0.00003940808361296903
1.1288822763622837	0.00006811286045880784
1.1295022007315105	0.00007994433461659143
1.1301221251007376	0.00007217589549467202
1.1307420494699645	0.0000468998774415183
1.1313619738391916	0.00001044076591609849
1.1319818982084184	-0.00002820864131444998
1.1326018225776453	-0.00005960892227777619
1.1332217469468724	-0.00007617880939689223
1.1338416713160993	-0.00007402690212556616
1.1344615956853263	-0.00005385687594006865
1.1350815200545532	-0.000020760458273278715
1.13570144442378	0.000017073875114144175
1.1363213687930072	0.0000503804448730052
1.136941293162234	0.00007108805181006768
1.137561217531461	0.00007427237058050392
1.138181141900688	0.000059328700468608855
1.1388010662699148	0.000030073016912347765
1.139420990639142	-6.226450267058627e-6
1.1400409150083688	-0.000040655911466344555
1.1406608393775959	-0.00006484487713980638
1.1412807637468227	-0.00007299779225636982
1.1419006881160496	-0.00006328536025127472
1.1425206124852767	-0.00003824586869834219
1.1431405368545036	-4.130433304657617e-6
1.1437604612237307	0.000030660528779503326
1.1443803855929575	0.00005764273622621686
1.1450003099621844	0.00007031685285055118
1.1456202343314115	0.00006573502150964383
1.1462401587006383	0.000045179368161417614
1.1468600830698654	0.000013814894631345486
1.1474800074390923	-0.000020611342785452607
1.1480999318083192	-0.00004968102628560069
1.1487198561775462	-0.00006636497653143878
1.149339780546773	-0.00006671271515413386
1.1499597049160002	-0.00005080341441723861
1.150579629285227	-0.000022669083621064347
1.151199553654454	0.000010715869860965784
1.151819478023681	0.000041165333978085404
1.1524394023929079	0.00006128869533229385
1.153059326762135	0.00006628248880561046
1.1536792511313618	0.00005507685286454378
1.1542991755005887	0.000030559894687358674
1.1549190998698158	-1.1657697644966524e-6
1.1555390242390426	-0.00003229948346075074
1.1561589486082697	-0.00005526055444144887
1.1567788729774966	-0.00006453359831819832
1.1573987973467235	-0.00005799189599360384
1.1580187217159505	-0.000037384418894984495
1.1586386460851774	-7.865345161297412e-6
1.1592585704544045	0.000023284276028741577
1.1598784948236314	0.000048458962030143044
1.1604984191928582	0.00006157525064205268
1.1611183435620853	0.000059565278084736156
1.1617382679313122	0.00004306550513174103
1.1623581923005393	0.00001622344860468936
1.1629781166697661	-0.00001430667045713208
1.163598041038993	-0.000041053895034050667
1.16421796540822	-0.00005753879190588099
1.164837889777447	-0.000059842518190689184
1.165457814146674	-0.000047542732378099864
1.166077738515901	-0.000023777124821239966
1.1666976628851278	5.5508439015281515e-6
1.1673175872543549	0.00003323583248128455
1.1679375116235817	0.00005256345708348095
1.1685574359928088	0.00005888943324044484
1.1691773603620357	0.00005080506987650149
1.1697972847312625	0.000030419814294670868
1.1704172091004896	2.8196036857341376e-6
1.1710371334697165	-0.00002520016356260676
1.1716570578389436	-0.000046806516551403104
1.1722769822081704	-0.00005679813148247517
1.1728969065773973	-0.00005285296768948647
1.1735168309466244	-0.000036068051413381664
1.1741367553158513	-0.000010657128974781355
1.1747566796850784	0.00001710405516180057
1.1753766040543052	0.000040428055603249395
1.175996528423532	0.0000536747258070111
1.1766164527927592	0.00005371867477959428
1.177236377161986	0.000040665193031957224
1.1778563015312131	0.00001783308259850272
1.17847622590044	-9.122004904770908e-6
1.1790961502696669	-0.00003359193961192799
1.179716074638894	-0.00004964029819390873
1.1803359990081208	-0.00005343624087893509
1.180955923377348	-0.00004417489730109635
1.1815758477465748	-0.000024239054726303204
1.1821957721158016	1.4088376492396996e-6
1.1828156964850287	0.000026464713623582657
1.1834356208542556	0.000044829006850405335
1.1840555452234827	0.00005209158173090422
1.1846754695927095	0.000046590774156061447
1.1852953939619364	0.000029790326994295052
1.1859153183311635	5.894433582758231e-6
1.1865352427003903	-0.000019206091014314844
1.1871551670696174	-0.00003938278749844189
1.1877750914388443	-0.000049767316600131724
1.1883950158080712	-0.00004792419057430256
1.1890149401772983	-0.00003442177011545688
1.1896348645465251	-0.000012662661830678449
1.1902547889157522	0.00001197070576866807
1.190874713284979	0.000033447679913088436
1.191494637654206	0.0000465669870367596
1.192114562023433	0.00004821185449076102
1.1927344863926599	0.000038092312661785704
1.193354410761887	0.000018790066478905278
1.1939743351311138	-4.903638370441087e-6
1.1945942595003407	-0.000027172625490338123
1.1952141838695678	-0.00004260349329696154
1.1958341082387947	-0.0000475048842828682
1.1964540326080217	-0.00004078240820320454
1.1970739569772486	-0.00002418800914912036
1.1976938813464755	-1.8608642083102466e-6
1.1983138057157026	0.000020702875197043187
1.1989337300849294	0.000038003427611923045
1.1995536544541565	0.0000458773461583174
1.2001735788233834	0.00004249250147520491
1.2007935031926105	0.000028788379421747672
1.2014134275618373	8.203073199959157e-6
1.2020333519310642	-0.000014181448153256159
1.2026532763002913	-0.0000328924316079486
1.2032732006695182	-0.00004340791530642028
1.2038931250387452	-0.00004324386107021909
1.204513049407972	-0.000032544065731062255
1.205132973777199	-0.000014018333323783055
1.205752898146426	7.743423274170983e-6
1.206372822515653	0.000027407243532864326
1.20699274688488	0.000040202111855642654
1.2076126712541069	0.00004307640297009059
1.2082325956233337	0.000035426836848917565
1.2088525199925608	0.000019219185891876175
1.2094724443617877	-1.5144366431844949e-6
1.2100923687310148	-0.00002167785330256375
1.2107122931002416	-0.000036363357242450205
1.2113322174694685	-0.00004204318446442331
1.2119521418386956	-0.000037427483090284124
1.2125720662079225	-0.00002373417708568581
1.2131919905771495	-4.391247276346343e-6
1.2138119149463764	0.000015834321963918052
1.2144318393156033	0.00003200495111370458
1.2150517636848304	0.000040220353468314464
1.2156716880540572	0.0000385521541776581
1.2162916124232843	0.000027511792176576623
1.2169115367925112	9.871959009889019e-6
1.217531461161738	-0.000010002132001803251
1.2181513855309651	-0.00002724584566139479
1.218771309900192	-0.000037683917023569376
1.219391234269419	-0.00003883810824835831
1.220011158638646	-0.000030517191098906453
1.2206310830078728	-0.00001484121813774306
1.2212510073771	4.298956552277581e-6
1.2218709317463268	0.00002220541611703297
1.2224908561155539	0.00003452819608387276
1.2231107804847807	0.00003831719459865665
1.2237307048540076	0.00003273238995755052
1.2243506292232347	0.0000192270052943215
1.2249705535924615	1.1671525309911965e-6
1.2255904779616886	-0.00001700172995511139
1.2262104023309155	-0.000030851390471712445
1.2268303267001424	-0.00003704902062372069
1.2274502510693694	-0.00003415918140106691
1.2280701754385963	-0.000022973529549169507
1.2286900998078234	-6.299333642340122e-6
1.2293100241770503	0.000011748890449049927
1.2299299485462771	0.000026758673064051938
1.2305498729155042	0.00003510268055554306
1.231169797284731	0.00003481221101299878
1.2317897216539582	0.00002604209716550853
1.232409646023185	0.000011011246923607543
1.233029570392412	-6.556627283062374e-6
1.233649494761639	-0.00002235645646229376
1.2342694191308659	-0.000032555168132756526
1.234889343500093	-0.00003472227067493927
1.2355092678693198	-0.000028408181847043818
1.2361291922385467	-0.00001523251411444705
1.2367491166077738	1.5265691193970056e-6
1.2373690409770006	0.000017750763582772852
1.2379889653462277	0.000029492425907510043
1.2386088897154546	0.0000339334791757523
1.2392288140846814	0.000030063299257029273
1.2398487384539085	0.000018904892494793673